2,-18.0,90.0,0,23,6
2,-18.0,90.0,1,24,0
3,-18.0,90.0,0,23,0
3,-18.0,90.0,1,14,7
3,-18.0,90.0,2,24,0
8,-18.0,90.0,0,18,5
8,-18.0,90.0,1,15,1
8,-18.0,90.0,2,15,0
8,-18.0,90.0,3,24,0
8,-18.0,90.0,4,18,2
8,-18.0,90.0,5,22,4
8,-18.0,90.0,6,20,0
8,-18.0,90.0,7,24,0
6,-18.0,90.0,0,23,6
6,-18.0,90.0,1,18,0
6,-18.0,90.0,2,15,2
6,-18.0,90.0,3,17,1
6,-18.0,90.0,4,21,1
6,-18.0,90.0,5,24,0
4,-18.0,90.0,0,23,10
4,-18.0,90.0,1,23,5
4,-18.0,90.0,2,24,0
4,-18.0,90.0,3,22,0
7,-18.0,90.0,0,15,0
7,-18.0,90.0,1,17,5
7,-18.0,90.0,2,23,0
7,-18.0,90.0,3,18,3
7,-18.0,90.0,4,20,3
7,-18.0,90.0,5,20,0
7,-18.0,90.0,6,24,0
10,-18.0,90.0,0,19,1
10,-18.0,90.0,1,18,4
10,-18.0,90.0,2,24,0
10,-18.0,90.0,3,15,1
10,-18.0,90.0,4,17,2
10,-18.0,90.0,5,16,0
10,-18.0,90.0,6,20,3
10,-18.0,90.0,7,20,4
10,-18.0,90.0,8,23,1
10,-18.0,90.0,9,24,0
5,-18.0,90.0,0,23,5
5,-18.0,90.0,1,17,2
5,-18.0,90.0,2,17,2
5,-18.0,90.0,3,18,0
5,-18.0,90.0,4,24,0
15,-18.0,90.0,0,23,2
15,-18.0,90.0,1,18,6
15,-18.0,90.0,2,17,1
15,-18.0,90.0,3,21,2
15,-18.0,90.0,4,19,1
15,-18.0,90.0,5,17,0
15,-18.0,90.0,6,15,0
15,-18.0,90.0,7,19,1
15,-18.0,90.0,8,17,0
15,-18.0,90.0,9,19,0
15,-18.0,90.0,10,21,3
15,-18.0,90.0,11,23,0
15,-18.0,90.0,12,14,0
15,-18.0,90.0,13,20,0
15,-18.0,90.0,14,24,1