1.921E14,1.922E14,0.0,0.0,0.0,0.0,0.0,0.0,0.0,0.0,0.0,0.0,0.0,0.0,0.0,0.0,0.0,0.0,0.0,0.0,0.0,0.0,0.0,0.0,0.0,0.0,0.0,0.0,0.0,0.0,0.0,0.0,0.0,0.0,0.0,0.0,0.0,0.0,0.0,0.0,16,2,24,1,16,3,19,3,24,0
1.921E14,1.922E14,1.923E14,0.0,0.0,0.0,0.0,0.0,0.0,0.0,0.0,0.0,0.0,0.0,0.0,0.0,0.0,0.0,0.0,0.0,0.0,0.0,0.0,0.0,0.0,0.0,0.0,0.0,0.0,0.0,0.0,0.0,0.0,0.0,0.0,0.0,0.0,0.0,0.0,0.0,23,11,24,4,21,7,24,4,24,0
1.921E14,1.922E14,1.923E14,0.0,0.0,0.0,0.0,0.0,0.0,0.0,0.0,0.0,0.0,0.0,0.0,0.0,0.0,0.0,0.0,0.0,0.0,0.0,0.0,0.0,0.0,0.0,0.0,0.0,0.0,0.0,0.0,0.0,0.0,0.0,0.0,0.0,0.0,0.0,0.0,0.0,23,7,23,3,21,7,24,8,24,0
1.921E14,1.922E14,1.923E14,0.0,0.0,0.0,0.0,0.0,0.0,0.0,0.0,0.0,0.0,0.0,0.0,0.0,0.0,0.0,0.0,0.0,0.0,0.0,0.0,0.0,0.0,0.0,0.0,0.0,0.0,0.0,0.0,0.0,0.0,0.0,0.0,0.0,0.0,0.0,0.0,0.0,23,7,23,3,21,7,24,7,23,0
1.921E14,1.922E14,1.923E14,1.924E14,0.0,0.0,0.0,0.0,0.0,0.0,0.0,0.0,0.0,0.0,0.0,0.0,0.0,0.0,0.0,0.0,0.0,0.0,0.0,0.0,0.0,0.0,0.0,0.0,0.0,0.0,0.0,0.0,0.0,0.0,0.0,0.0,0.0,0.0,0.0,0.0,24,1,24,0,17,12,24,8,24,0
1.921E14,1.922E14,1.923E14,1.924E14,0.0,0.0,0.0,0.0,0.0,0.0,0.0,0.0,0.0,0.0,0.0,0.0,0.0,0.0,0.0,0.0,0.0,0.0,0.0,0.0,0.0,0.0,0.0,0.0,0.0,0.0,0.0,0.0,0.0,0.0,0.0,0.0,0.0,0.0,0.0,0.0,24,0,24,0,17,12,24,8,24,0
1.921E14,1.922E14,1.923E14,1.924E14,0.0,0.0,0.0,0.0,0.0,0.0,0.0,0.0,0.0,0.0,0.0,0.0,0.0,0.0,0.0,0.0,0.0,0.0,0.0,0.0,0.0,0.0,0.0,0.0,0.0,0.0,0.0,0.0,0.0,0.0,0.0,0.0,0.0,0.0,0.0,0.0,17,0,24,0,24,12,24,11,24,0
1.921E14,1.922E14,1.923E14,1.924E14,0.0,0.0,0.0,0.0,0.0,0.0,0.0,0.0,0.0,0.0,0.0,0.0,0.0,0.0,0.0,0.0,0.0,0.0,0.0,0.0,0.0,0.0,0.0,0.0,0.0,0.0,0.0,0.0,0.0,0.0,0.0,0.0,0.0,0.0,0.0,0.0,24,0,24,0,19,12,24,10,24,0
1.921E14,1.922E14,1.923E14,1.924E14,0.0,0.0,0.0,0.0,0.0,0.0,0.0,0.0,0.0,0.0,0.0,0.0,0.0,0.0,0.0,0.0,0.0,0.0,0.0,0.0,0.0,0.0,0.0,0.0,0.0,0.0,0.0,0.0,0.0,0.0,0.0,0.0,0.0,0.0,0.0,0.0,23,0,24,0,24,15,24,12,24,0
1.921E14,1.922E14,1.923E14,1.924E14,0.0,0.0,0.0,0.0,0.0,0.0,0.0,0.0,0.0,0.0,0.0,0.0,0.0,0.0,0.0,0.0,0.0,0.0,0.0,0.0,0.0,0.0,0.0,0.0,0.0,0.0,0.0,0.0,0.0,0.0,0.0,0.0,0.0,0.0,0.0,0.0,24,7,24,0,24,12,24,11,24,0
1.921E14,1.922E14,1.923E14,1.924E14,0.0,0.0,0.0,0.0,0.0,0.0,0.0,0.0,0.0,0.0,0.0,0.0,0.0,0.0,0.0,0.0,0.0,0.0,0.0,0.0,0.0,0.0,0.0,0.0,0.0,0.0,0.0,0.0,0.0,0.0,0.0,0.0,0.0,0.0,0.0,0.0,24,0,24,7,24,12,24,11,24,0
1.921E14,1.922E14,1.923E14,1.924E14,0.0,0.0,0.0,0.0,0.0,0.0,0.0,0.0,0.0,0.0,0.0,0.0,0.0,0.0,0.0,0.0,0.0,0.0,0.0,0.0,0.0,0.0,0.0,0.0,0.0,0.0,0.0,0.0,0.0,0.0,0.0,0.0,0.0,0.0,0.0,0.0,24,1,24,3,24,15,24,11,24,0
1.921E14,1.922E14,1.923E14,1.924E14,0.0,0.0,0.0,0.0,0.0,0.0,0.0,0.0,0.0,0.0,0.0,0.0,0.0,0.0,0.0,0.0,0.0,0.0,0.0,0.0,0.0,0.0,0.0,0.0,0.0,0.0,0.0,0.0,0.0,0.0,0.0,0.0,0.0,0.0,0.0,0.0,24,0,24,3,24,16,24,11,24,0
1.921E14,1.922E14,1.923E14,1.924E14,0.0,0.0,0.0,0.0,0.0,0.0,0.0,0.0,0.0,0.0,0.0,0.0,0.0,0.0,0.0,0.0,0.0,0.0,0.0,0.0,0.0,0.0,0.0,0.0,0.0,0.0,0.0,0.0,0.0,0.0,0.0,0.0,0.0,0.0,0.0,0.0,24,0,24,0,24,16,24,11,24,0
1.921E14,1.922E14,1.923E14,1.924E14,0.0,0.0,0.0,0.0,0.0,0.0,0.0,0.0,0.0,0.0,0.0,0.0,0.0,0.0,0.0,0.0,0.0,0.0,0.0,0.0,0.0,0.0,0.0,0.0,0.0,0.0,0.0,0.0,0.0,0.0,0.0,0.0,0.0,0.0,0.0,0.0,24,1,24,3,24,14,24,12,24,0
1.921E14,1.922E14,1.923E14,1.924E14,0.0,0.0,0.0,0.0,0.0,0.0,0.0,0.0,0.0,0.0,0.0,0.0,0.0,0.0,0.0,0.0,0.0,0.0,0.0,0.0,0.0,0.0,0.0,0.0,0.0,0.0,0.0,0.0,0.0,0.0,0.0,0.0,0.0,0.0,0.0,0.0,24,1,24,0,24,15,24,12,24,0
1.921E14,1.922E14,1.923E14,1.924E14,0.0,0.0,0.0,0.0,0.0,0.0,0.0,0.0,0.0,0.0,0.0,0.0,0.0,0.0,0.0,0.0,0.0,0.0,0.0,0.0,0.0,0.0,0.0,0.0,0.0,0.0,0.0,0.0,0.0,0.0,0.0,0.0,0.0,0.0,0.0,0.0,24,0,24,0,24,15,24,12,24,0
1.921E14,1.922E14,1.923E14,1.924E14,0.0,0.0,0.0,0.0,0.0,0.0,0.0,0.0,0.0,0.0,0.0,0.0,0.0,0.0,0.0,0.0,0.0,0.0,0.0,0.0,0.0,0.0,0.0,0.0,0.0,0.0,0.0,0.0,0.0,0.0,0.0,0.0,0.0,0.0,0.0,0.0,24,0,24,3,24,15,24,11,24,0
1.921E14,1.922E14,1.923E14,1.924E14,0.0,0.0,0.0,0.0,0.0,0.0,0.0,0.0,0.0,0.0,0.0,0.0,0.0,0.0,0.0,0.0,0.0,0.0,0.0,0.0,0.0,0.0,0.0,0.0,0.0,0.0,0.0,0.0,0.0,0.0,0.0,0.0,0.0,0.0,0.0,0.0,24,0,24,0,24,15,24,11,24,0
1.921E14,1.922E14,1.923E14,1.924E14,0.0,0.0,0.0,0.0,0.0,0.0,0.0,0.0,0.0,0.0,0.0,0.0,0.0,0.0,0.0,0.0,0.0,0.0,0.0,0.0,0.0,0.0,0.0,0.0,0.0,0.0,0.0,0.0,0.0,0.0,0.0,0.0,0.0,0.0,0.0,0.0,24,1,24,3,24,13,24,12,24,1
1.921E14,1.922E14,1.923E14,1.924E14,0.0,0.0,0.0,0.0,0.0,0.0,0.0,0.0,0.0,0.0,0.0,0.0,0.0,0.0,0.0,0.0,0.0,0.0,0.0,0.0,0.0,0.0,0.0,0.0,0.0,0.0,0.0,0.0,0.0,0.0,0.0,0.0,0.0,0.0,0.0,0.0,24,0,24,4,24,13,24,12,24,1
1.921E14,1.922E14,1.923E14,1.924E14,0.0,0.0,0.0,0.0,0.0,0.0,0.0,0.0,0.0,0.0,0.0,0.0,0.0,0.0,0.0,0.0,0.0,0.0,0.0,0.0,0.0,0.0,0.0,0.0,0.0,0.0,0.0,0.0,0.0,0.0,0.0,0.0,0.0,0.0,0.0,0.0,24,0,24,3,24,14,24,12,24,1
1.921E14,1.922E14,1.923E14,1.924E14,0.0,0.0,0.0,0.0,0.0,0.0,0.0,0.0,0.0,0.0,0.0,0.0,0.0,0.0,0.0,0.0,0.0,0.0,0.0,0.0,0.0,0.0,0.0,0.0,0.0,0.0,0.0,0.0,0.0,0.0,0.0,0.0,0.0,0.0,0.0,0.0,24,0,24,0,24,14,24,12,24,1
1.921E14,1.922E14,1.923E14,1.924E14,0.0,0.0,0.0,0.0,0.0,0.0,0.0,0.0,0.0,0.0,0.0,0.0,0.0,0.0,0.0,0.0,0.0,0.0,0.0,0.0,0.0,0.0,0.0,0.0,0.0,0.0,0.0,0.0,0.0,0.0,0.0,0.0,0.0,0.0,0.0,0.0,24,0,24,5,24,11,24,13,24,1
1.921E14,1.922E14,1.923E14,1.924E14,0.0,0.0,0.0,0.0,0.0,0.0,0.0,0.0,0.0,0.0,0.0,0.0,0.0,0.0,0.0,0.0,0.0,0.0,0.0,0.0,0.0,0.0,0.0,0.0,0.0,0.0,0.0,0.0,0.0,0.0,0.0,0.0,0.0,0.0,0.0,0.0,24,1,24,0,24,13,24,13,24,1
1.921E14,1.922E14,1.923E14,1.924E14,0.0,0.0,0.0,0.0,0.0,0.0,0.0,0.0,0.0,0.0,0.0,0.0,0.0,0.0,0.0,0.0,0.0,0.0,0.0,0.0,0.0,0.0,0.0,0.0,0.0,0.0,0.0,0.0,0.0,0.0,0.0,0.0,0.0,0.0,0.0,0.0,24,0,24,0,24,13,24,13,24,1
1.921E14,1.922E14,1.923E14,1.924E14,0.0,0.0,0.0,0.0,0.0,0.0,0.0,0.0,0.0,0.0,0.0,0.0,0.0,0.0,0.0,0.0,0.0,0.0,0.0,0.0,0.0,0.0,0.0,0.0,0.0,0.0,0.0,0.0,0.0,0.0,0.0,0.0,0.0,0.0,0.0,0.0,24,0,24,0,24,12,24,14,24,1
1.921E14,1.922E14,1.923E14,1.924E14,0.0,0.0,0.0,0.0,0.0,0.0,0.0,0.0,0.0,0.0,0.0,0.0,0.0,0.0,0.0,0.0,0.0,0.0,0.0,0.0,0.0,0.0,0.0,0.0,0.0,0.0,0.0,0.0,0.0,0.0,0.0,0.0,0.0,0.0,0.0,0.0,24,0,24,4,24,12,24,12,24,2
1.921E14,1.922E14,1.923E14,1.924E14,0.0,0.0,0.0,0.0,0.0,0.0,0.0,0.0,0.0,0.0,0.0,0.0,0.0,0.0,0.0,0.0,0.0,0.0,0.0,0.0,0.0,0.0,0.0,0.0,0.0,0.0,0.0,0.0,0.0,0.0,0.0,0.0,0.0,0.0,0.0,0.0,24,0,24,3,24,13,24,12,24,2
1.921E14,1.922E14,1.923E14,1.924E14,0.0,0.0,0.0,0.0,0.0,0.0,0.0,0.0,0.0,0.0,0.0,0.0,0.0,0.0,0.0,0.0,0.0,0.0,0.0,0.0,0.0,0.0,0.0,0.0,0.0,0.0,0.0,0.0,0.0,0.0,0.0,0.0,0.0,0.0,0.0,0.0,24,0,24,0,24,13,24,12,24,2
1.921E14,1.922E14,1.923E14,1.924E14,1.925E14,0.0,0.0,0.0,0.0,0.0,0.0,0.0,0.0,0.0,0.0,0.0,0.0,0.0,0.0,0.0,0.0,0.0,0.0,0.0,0.0,0.0,0.0,0.0,0.0,0.0,0.0,0.0,0.0,0.0,0.0,0.0,0.0,0.0,0.0,0.0,15,2,15,2,24,8,24,0,24,0
1.921E14,1.922E14,1.923E14,1.924E14,1.925E14,0.0,0.0,0.0,0.0,0.0,0.0,0.0,0.0,0.0,0.0,0.0,0.0,0.0,0.0,0.0,0.0,0.0,0.0,0.0,0.0,0.0,0.0,0.0,0.0,0.0,0.0,0.0,0.0,0.0,0.0,0.0,0.0,0.0,0.0,0.0,18,2,15,0,24,8,19,0,24,0
1.921E14,1.922E14,1.923E14,1.924E14,1.925E14,0.0,0.0,0.0,0.0,0.0,0.0,0.0,0.0,0.0,0.0,0.0,0.0,0.0,0.0,0.0,0.0,0.0,0.0,0.0,0.0,0.0,0.0,0.0,0.0,0.0,0.0,0.0,0.0,0.0,0.0,0.0,0.0,0.0,0.0,0.0,16,2,15,2,24,9,24,0,24,0
1.921E14,1.922E14,1.923E14,1.924E14,1.925E14,0.0,0.0,0.0,0.0,0.0,0.0,0.0,0.0,0.0,0.0,0.0,0.0,0.0,0.0,0.0,0.0,0.0,0.0,0.0,0.0,0.0,0.0,0.0,0.0,0.0,0.0,0.0,0.0,0.0,0.0,0.0,0.0,0.0,0.0,0.0,23,2,15,1,20,8,19,0,24,0
1.921E14,1.922E14,1.923E14,1.924E14,1.925E14,0.0,0.0,0.0,0.0,0.0,0.0,0.0,0.0,0.0,0.0,0.0,0.0,0.0,0.0,0.0,0.0,0.0,0.0,0.0,0.0,0.0,0.0,0.0,0.0,0.0,0.0,0.0,0.0,0.0,0.0,0.0,0.0,0.0,0.0,0.0,17,2,15,1,23,9,24,1,24,0
1.921E14,1.922E14,1.923E14,1.924E14,1.925E14,0.0,0.0,0.0,0.0,0.0,0.0,0.0,0.0,0.0,0.0,0.0,0.0,0.0,0.0,0.0,0.0,0.0,0.0,0.0,0.0,0.0,0.0,0.0,0.0,0.0,0.0,0.0,0.0,0.0,0.0,0.0,0.0,0.0,0.0,0.0,17,2,15,1,24,11,24,0,24,0
1.921E14,1.922E14,1.923E14,1.924E14,1.925E14,0.0,0.0,0.0,0.0,0.0,0.0,0.0,0.0,0.0,0.0,0.0,0.0,0.0,0.0,0.0,0.0,0.0,0.0,0.0,0.0,0.0,0.0,0.0,0.0,0.0,0.0,0.0,0.0,0.0,0.0,0.0,0.0,0.0,0.0,0.0,18,2,15,1,23,11,24,0,24,0
1.921E14,1.922E14,1.923E14,1.924E14,1.925E14,0.0,0.0,0.0,0.0,0.0,0.0,0.0,0.0,0.0,0.0,0.0,0.0,0.0,0.0,0.0,0.0,0.0,0.0,0.0,0.0,0.0,0.0,0.0,0.0,0.0,0.0,0.0,0.0,0.0,0.0,0.0,0.0,0.0,0.0,0.0,23,2,15,1,18,11,24,0,24,0
1.921E14,1.922E14,1.923E14,1.924E14,1.925E14,0.0,0.0,0.0,0.0,0.0,0.0,0.0,0.0,0.0,0.0,0.0,0.0,0.0,0.0,0.0,0.0,0.0,0.0,0.0,0.0,0.0,0.0,0.0,0.0,0.0,0.0,0.0,0.0,0.0,0.0,0.0,0.0,0.0,0.0,0.0,18,2,15,2,24,11,24,0,24,0
1.921E14,1.922E14,1.923E14,1.924E14,1.925E14,0.0,0.0,0.0,0.0,0.0,0.0,0.0,0.0,0.0,0.0,0.0,0.0,0.0,0.0,0.0,0.0,0.0,0.0,0.0,0.0,0.0,0.0,0.0,0.0,0.0,0.0,0.0,0.0,0.0,0.0,0.0,0.0,0.0,0.0,0.0,18,2,15,1,24,12,24,0,24,0
1.921E14,1.922E14,1.923E14,1.924E14,1.925E14,0.0,0.0,0.0,0.0,0.0,0.0,0.0,0.0,0.0,0.0,0.0,0.0,0.0,0.0,0.0,0.0,0.0,0.0,0.0,0.0,0.0,0.0,0.0,0.0,0.0,0.0,0.0,0.0,0.0,0.0,0.0,0.0,0.0,0.0,0.0,18,2,15,1,24,11,24,1,24,0
1.921E14,1.922E14,1.923E14,1.924E14,1.925E14,0.0,0.0,0.0,0.0,0.0,0.0,0.0,0.0,0.0,0.0,0.0,0.0,0.0,0.0,0.0,0.0,0.0,0.0,0.0,0.0,0.0,0.0,0.0,0.0,0.0,0.0,0.0,0.0,0.0,0.0,0.0,0.0,0.0,0.0,0.0,23,2,15,1,23,11,19,0,24,0
1.921E14,1.922E14,1.923E14,1.924E14,1.925E14,0.0,0.0,0.0,0.0,0.0,0.0,0.0,0.0,0.0,0.0,0.0,0.0,0.0,0.0,0.0,0.0,0.0,0.0,0.0,0.0,0.0,0.0,0.0,0.0,0.0,0.0,0.0,0.0,0.0,0.0,0.0,0.0,0.0,0.0,0.0,23,5,19,1,19,8,19,0,24,0
1.921E14,1.922E14,1.923E14,1.924E14,1.925E14,0.0,0.0,0.0,0.0,0.0,0.0,0.0,0.0,0.0,0.0,0.0,0.0,0.0,0.0,0.0,0.0,0.0,0.0,0.0,0.0,0.0,0.0,0.0,0.0,0.0,0.0,0.0,0.0,0.0,0.0,0.0,0.0,0.0,0.0,0.0,24,5,15,1,23,9,19,0,24,0
1.921E14,1.922E14,1.923E14,1.924E14,1.925E14,0.0,0.0,0.0,0.0,0.0,0.0,0.0,0.0,0.0,0.0,0.0,0.0,0.0,0.0,0.0,0.0,0.0,0.0,0.0,0.0,0.0,0.0,0.0,0.0,0.0,0.0,0.0,0.0,0.0,0.0,0.0,0.0,0.0,0.0,0.0,24,2,15,2,23,11,19,0,24,0
1.921E14,1.922E14,1.923E14,1.924E14,1.925E14,0.0,0.0,0.0,0.0,0.0,0.0,0.0,0.0,0.0,0.0,0.0,0.0,0.0,0.0,0.0,0.0,0.0,0.0,0.0,0.0,0.0,0.0,0.0,0.0,0.0,0.0,0.0,0.0,0.0,0.0,0.0,0.0,0.0,0.0,0.0,24,3,15,1,19,12,24,0,24,0
1.921E14,1.922E14,1.923E14,1.924E14,1.925E14,0.0,0.0,0.0,0.0,0.0,0.0,0.0,0.0,0.0,0.0,0.0,0.0,0.0,0.0,0.0,0.0,0.0,0.0,0.0,0.0,0.0,0.0,0.0,0.0,0.0,0.0,0.0,0.0,0.0,0.0,0.0,0.0,0.0,0.0,0.0,24,2,15,0,19,13,24,1,24,0
1.921E14,1.922E14,1.923E14,1.924E14,1.925E14,0.0,0.0,0.0,0.0,0.0,0.0,0.0,0.0,0.0,0.0,0.0,0.0,0.0,0.0,0.0,0.0,0.0,0.0,0.0,0.0,0.0,0.0,0.0,0.0,0.0,0.0,0.0,0.0,0.0,0.0,0.0,0.0,0.0,0.0,0.0,24,6,15,1,24,9,19,0,24,0
1.921E14,1.922E14,1.923E14,1.924E14,1.925E14,0.0,0.0,0.0,0.0,0.0,0.0,0.0,0.0,0.0,0.0,0.0,0.0,0.0,0.0,0.0,0.0,0.0,0.0,0.0,0.0,0.0,0.0,0.0,0.0,0.0,0.0,0.0,0.0,0.0,0.0,0.0,0.0,0.0,0.0,0.0,24,5,15,1,24,9,19,1,24,0
1.921E14,1.922E14,1.923E14,1.924E14,1.925E14,0.0,0.0,0.0,0.0,0.0,0.0,0.0,0.0,0.0,0.0,0.0,0.0,0.0,0.0,0.0,0.0,0.0,0.0,0.0,0.0,0.0,0.0,0.0,0.0,0.0,0.0,0.0,0.0,0.0,0.0,0.0,0.0,0.0,0.0,0.0,23,3,15,1,21,13,24,0,24,0
1.921E14,1.922E14,1.923E14,1.924E14,1.925E14,0.0,0.0,0.0,0.0,0.0,0.0,0.0,0.0,0.0,0.0,0.0,0.0,0.0,0.0,0.0,0.0,0.0,0.0,0.0,0.0,0.0,0.0,0.0,0.0,0.0,0.0,0.0,0.0,0.0,0.0,0.0,0.0,0.0,0.0,0.0,24,3,15,1,20,13,24,0,24,0
1.921E14,1.922E14,1.923E14,1.924E14,1.925E14,0.0,0.0,0.0,0.0,0.0,0.0,0.0,0.0,0.0,0.0,0.0,0.0,0.0,0.0,0.0,0.0,0.0,0.0,0.0,0.0,0.0,0.0,0.0,0.0,0.0,0.0,0.0,0.0,0.0,0.0,0.0,0.0,0.0,0.0,0.0,23,4,22,1,15,11,23,1,24,0
1.921E14,1.922E14,1.923E14,1.924E14,1.925E14,0.0,0.0,0.0,0.0,0.0,0.0,0.0,0.0,0.0,0.0,0.0,0.0,0.0,0.0,0.0,0.0,0.0,0.0,0.0,0.0,0.0,0.0,0.0,0.0,0.0,0.0,0.0,0.0,0.0,0.0,0.0,0.0,0.0,0.0,0.0,23,3,22,2,15,11,23,1,24,0
1.921E14,1.922E14,1.923E14,1.924E14,1.925E14,0.0,0.0,0.0,0.0,0.0,0.0,0.0,0.0,0.0,0.0,0.0,0.0,0.0,0.0,0.0,0.0,0.0,0.0,0.0,0.0,0.0,0.0,0.0,0.0,0.0,0.0,0.0,0.0,0.0,0.0,0.0,0.0,0.0,0.0,0.0,23,4,15,1,22,13,24,0,24,0
1.921E14,1.922E14,1.923E14,1.924E14,1.925E14,0.0,0.0,0.0,0.0,0.0,0.0,0.0,0.0,0.0,0.0,0.0,0.0,0.0,0.0,0.0,0.0,0.0,0.0,0.0,0.0,0.0,0.0,0.0,0.0,0.0,0.0,0.0,0.0,0.0,0.0,0.0,0.0,0.0,0.0,0.0,23,5,22,1,15,12,24,0,24,0
1.921E14,1.922E14,1.923E14,1.924E14,1.925E14,0.0,0.0,0.0,0.0,0.0,0.0,0.0,0.0,0.0,0.0,0.0,0.0,0.0,0.0,0.0,0.0,0.0,0.0,0.0,0.0,0.0,0.0,0.0,0.0,0.0,0.0,0.0,0.0,0.0,0.0,0.0,0.0,0.0,0.0,0.0,18,5,22,1,20,11,24,1,24,0
1.921E14,1.922E14,1.923E14,1.924E14,1.925E14,0.0,0.0,0.0,0.0,0.0,0.0,0.0,0.0,0.0,0.0,0.0,0.0,0.0,0.0,0.0,0.0,0.0,0.0,0.0,0.0,0.0,0.0,0.0,0.0,0.0,0.0,0.0,0.0,0.0,0.0,0.0,0.0,0.0,0.0,0.0,24,5,17,2,19,11,24,0,24,0
1.921E14,1.922E14,1.923E14,1.924E14,1.925E14,0.0,0.0,0.0,0.0,0.0,0.0,0.0,0.0,0.0,0.0,0.0,0.0,0.0,0.0,0.0,0.0,0.0,0.0,0.0,0.0,0.0,0.0,0.0,0.0,0.0,0.0,0.0,0.0,0.0,0.0,0.0,0.0,0.0,0.0,0.0,23,2,23,0,15,13,23,3,24,0
1.921E14,1.922E14,1.923E14,1.924E14,1.925E14,0.0,0.0,0.0,0.0,0.0,0.0,0.0,0.0,0.0,0.0,0.0,0.0,0.0,0.0,0.0,0.0,0.0,0.0,0.0,0.0,0.0,0.0,0.0,0.0,0.0,0.0,0.0,0.0,0.0,0.0,0.0,0.0,0.0,0.0,0.0,24,5,15,2,22,11,24,1,24,0
1.921E14,1.922E14,1.923E14,1.924E14,1.925E14,0.0,0.0,0.0,0.0,0.0,0.0,0.0,0.0,0.0,0.0,0.0,0.0,0.0,0.0,0.0,0.0,0.0,0.0,0.0,0.0,0.0,0.0,0.0,0.0,0.0,0.0,0.0,0.0,0.0,0.0,0.0,0.0,0.0,0.0,0.0,18,2,23,7,24,8,19,1,24,0
1.921E14,1.922E14,1.923E14,1.924E14,1.925E14,1.926E14,0.0,0.0,0.0,0.0,0.0,0.0,0.0,0.0,0.0,0.0,0.0,0.0,0.0,0.0,0.0,0.0,0.0,0.0,0.0,0.0,0.0,0.0,0.0,0.0,0.0,0.0,0.0,0.0,0.0,0.0,0.0,0.0,0.0,0.0,24,0,15,6,15,4,23,1,24,0
1.921E14,1.922E14,1.923E14,1.924E14,1.925E14,1.926E14,0.0,0.0,0.0,0.0,0.0,0.0,0.0,0.0,0.0,0.0,0.0,0.0,0.0,0.0,0.0,0.0,0.0,0.0,0.0,0.0,0.0,0.0,0.0,0.0,0.0,0.0,0.0,0.0,0.0,0.0,0.0,0.0,0.0,0.0,24,0,15,5,15,5,23,1,24,0
1.921E14,1.922E14,1.923E14,1.924E14,1.925E14,1.926E14,0.0,0.0,0.0,0.0,0.0,0.0,0.0,0.0,0.0,0.0,0.0,0.0,0.0,0.0,0.0,0.0,0.0,0.0,0.0,0.0,0.0,0.0,0.0,0.0,0.0,0.0,0.0,0.0,0.0,0.0,0.0,0.0,0.0,0.0,24,7,15,1,15,2,24,2,24,0
1.921E14,1.922E14,1.923E14,1.924E14,1.925E14,1.926E14,0.0,0.0,0.0,0.0,0.0,0.0,0.0,0.0,0.0,0.0,0.0,0.0,0.0,0.0,0.0,0.0,0.0,0.0,0.0,0.0,0.0,0.0,0.0,0.0,0.0,0.0,0.0,0.0,0.0,0.0,0.0,0.0,0.0,0.0,24,3,15,2,18,4,19,1,24,0
1.921E14,1.922E14,1.923E14,1.924E14,1.925E14,1.926E14,0.0,0.0,0.0,0.0,0.0,0.0,0.0,0.0,0.0,0.0,0.0,0.0,0.0,0.0,0.0,0.0,0.0,0.0,0.0,0.0,0.0,0.0,0.0,0.0,0.0,0.0,0.0,0.0,0.0,0.0,0.0,0.0,0.0,0.0,24,7,15,0,15,3,24,2,24,0
1.921E14,1.922E14,1.923E14,1.924E14,1.925E14,1.926E14,0.0,0.0,0.0,0.0,0.0,0.0,0.0,0.0,0.0,0.0,0.0,0.0,0.0,0.0,0.0,0.0,0.0,0.0,0.0,0.0,0.0,0.0,0.0,0.0,0.0,0.0,0.0,0.0,0.0,0.0,0.0,0.0,0.0,0.0,24,0,15,6,15,5,24,1,24,0
1.921E14,1.922E14,1.923E14,1.924E14,1.925E14,1.926E14,0.0,0.0,0.0,0.0,0.0,0.0,0.0,0.0,0.0,0.0,0.0,0.0,0.0,0.0,0.0,0.0,0.0,0.0,0.0,0.0,0.0,0.0,0.0,0.0,0.0,0.0,0.0,0.0,0.0,0.0,0.0,0.0,0.0,0.0,24,0,15,5,15,5,24,2,24,0
1.921E14,1.922E14,1.923E14,1.924E14,1.925E14,1.926E14,0.0,0.0,0.0,0.0,0.0,0.0,0.0,0.0,0.0,0.0,0.0,0.0,0.0,0.0,0.0,0.0,0.0,0.0,0.0,0.0,0.0,0.0,0.0,0.0,0.0,0.0,0.0,0.0,0.0,0.0,0.0,0.0,0.0,0.0,24,0,15,6,16,4,23,2,24,0
1.921E14,1.922E14,1.923E14,1.924E14,1.925E14,1.926E14,0.0,0.0,0.0,0.0,0.0,0.0,0.0,0.0,0.0,0.0,0.0,0.0,0.0,0.0,0.0,0.0,0.0,0.0,0.0,0.0,0.0,0.0,0.0,0.0,0.0,0.0,0.0,0.0,0.0,0.0,0.0,0.0,0.0,0.0,24,7,15,2,16,3,24,1,24,0
1.921E14,1.922E14,1.923E14,1.924E14,1.925E14,1.926E14,0.0,0.0,0.0,0.0,0.0,0.0,0.0,0.0,0.0,0.0,0.0,0.0,0.0,0.0,0.0,0.0,0.0,0.0,0.0,0.0,0.0,0.0,0.0,0.0,0.0,0.0,0.0,0.0,0.0,0.0,0.0,0.0,0.0,0.0,24,7,15,1,16,3,24,2,24,0
1.921E14,1.922E14,1.923E14,1.924E14,1.925E14,1.926E14,0.0,0.0,0.0,0.0,0.0,0.0,0.0,0.0,0.0,0.0,0.0,0.0,0.0,0.0,0.0,0.0,0.0,0.0,0.0,0.0,0.0,0.0,0.0,0.0,0.0,0.0,0.0,0.0,0.0,0.0,0.0,0.0,0.0,0.0,24,0,15,6,16,5,24,2,24,0
1.921E14,1.922E14,1.923E14,1.924E14,1.925E14,1.926E14,0.0,0.0,0.0,0.0,0.0,0.0,0.0,0.0,0.0,0.0,0.0,0.0,0.0,0.0,0.0,0.0,0.0,0.0,0.0,0.0,0.0,0.0,0.0,0.0,0.0,0.0,0.0,0.0,0.0,0.0,0.0,0.0,0.0,0.0,24,0,15,6,17,4,23,3,24,0
1.921E14,1.922E14,1.923E14,1.924E14,1.925E14,1.926E14,0.0,0.0,0.0,0.0,0.0,0.0,0.0,0.0,0.0,0.0,0.0,0.0,0.0,0.0,0.0,0.0,0.0,0.0,0.0,0.0,0.0,0.0,0.0,0.0,0.0,0.0,0.0,0.0,0.0,0.0,0.0,0.0,0.0,0.0,24,7,16,2,16,4,24,1,24,0
1.921E14,1.922E14,1.923E14,1.924E14,1.925E14,1.926E14,0.0,0.0,0.0,0.0,0.0,0.0,0.0,0.0,0.0,0.0,0.0,0.0,0.0,0.0,0.0,0.0,0.0,0.0,0.0,0.0,0.0,0.0,0.0,0.0,0.0,0.0,0.0,0.0,0.0,0.0,0.0,0.0,0.0,0.0,24,0,15,6,17,6,24,2,24,0
1.921E14,1.922E14,1.923E14,1.924E14,1.925E14,1.926E14,0.0,0.0,0.0,0.0,0.0,0.0,0.0,0.0,0.0,0.0,0.0,0.0,0.0,0.0,0.0,0.0,0.0,0.0,0.0,0.0,0.0,0.0,0.0,0.0,0.0,0.0,0.0,0.0,0.0,0.0,0.0,0.0,0.0,0.0,24,7,22,3,15,3,19,1,24,0
1.921E14,1.922E14,1.923E14,1.924E14,1.925E14,1.926E14,0.0,0.0,0.0,0.0,0.0,0.0,0.0,0.0,0.0,0.0,0.0,0.0,0.0,0.0,0.0,0.0,0.0,0.0,0.0,0.0,0.0,0.0,0.0,0.0,0.0,0.0,0.0,0.0,0.0,0.0,0.0,0.0,0.0,0.0,24,3,15,5,18,6,24,1,24,0
1.921E14,1.922E14,1.923E14,1.924E14,1.925E14,1.926E14,0.0,0.0,0.0,0.0,0.0,0.0,0.0,0.0,0.0,0.0,0.0,0.0,0.0,0.0,0.0,0.0,0.0,0.0,0.0,0.0,0.0,0.0,0.0,0.0,0.0,0.0,0.0,0.0,0.0,0.0,0.0,0.0,0.0,0.0,24,3,15,5,18,5,24,2,24,0
1.921E14,1.922E14,1.923E14,1.924E14,1.925E14,1.926E14,0.0,0.0,0.0,0.0,0.0,0.0,0.0,0.0,0.0,0.0,0.0,0.0,0.0,0.0,0.0,0.0,0.0,0.0,0.0,0.0,0.0,0.0,0.0,0.0,0.0,0.0,0.0,0.0,0.0,0.0,0.0,0.0,0.0,0.0,24,0,15,6,18,7,24,2,24,0
1.921E14,1.922E14,1.923E14,1.924E14,1.925E14,1.926E14,0.0,0.0,0.0,0.0,0.0,0.0,0.0,0.0,0.0,0.0,0.0,0.0,0.0,0.0,0.0,0.0,0.0,0.0,0.0,0.0,0.0,0.0,0.0,0.0,0.0,0.0,0.0,0.0,0.0,0.0,0.0,0.0,0.0,0.0,19,0,22,6,16,7,24,2,24,0
1.921E14,1.922E14,1.923E14,1.924E14,1.925E14,1.926E14,0.0,0.0,0.0,0.0,0.0,0.0,0.0,0.0,0.0,0.0,0.0,0.0,0.0,0.0,0.0,0.0,0.0,0.0,0.0,0.0,0.0,0.0,0.0,0.0,0.0,0.0,0.0,0.0,0.0,0.0,0.0,0.0,0.0,0.0,24,7,15,6,24,2,19,1,24,0
1.921E14,1.922E14,1.923E14,1.924E14,1.925E14,1.926E14,0.0,0.0,0.0,0.0,0.0,0.0,0.0,0.0,0.0,0.0,0.0,0.0,0.0,0.0,0.0,0.0,0.0,0.0,0.0,0.0,0.0,0.0,0.0,0.0,0.0,0.0,0.0,0.0,0.0,0.0,0.0,0.0,0.0,0.0,24,4,15,6,19,4,24,2,24,0
1.921E14,1.922E14,1.923E14,1.924E14,1.925E14,1.926E14,0.0,0.0,0.0,0.0,0.0,0.0,0.0,0.0,0.0,0.0,0.0,0.0,0.0,0.0,0.0,0.0,0.0,0.0,0.0,0.0,0.0,0.0,0.0,0.0,0.0,0.0,0.0,0.0,0.0,0.0,0.0,0.0,0.0,0.0,24,3,15,6,19,4,24,3,24,0
1.921E14,1.922E14,1.923E14,1.924E14,1.925E14,1.926E14,0.0,0.0,0.0,0.0,0.0,0.0,0.0,0.0,0.0,0.0,0.0,0.0,0.0,0.0,0.0,0.0,0.0,0.0,0.0,0.0,0.0,0.0,0.0,0.0,0.0,0.0,0.0,0.0,0.0,0.0,0.0,0.0,0.0,0.0,24,4,15,6,24,5,19,1,24,0
1.921E14,1.922E14,1.923E14,1.924E14,1.925E14,1.926E14,0.0,0.0,0.0,0.0,0.0,0.0,0.0,0.0,0.0,0.0,0.0,0.0,0.0,0.0,0.0,0.0,0.0,0.0,0.0,0.0,0.0,0.0,0.0,0.0,0.0,0.0,0.0,0.0,0.0,0.0,0.0,0.0,0.0,0.0,24,0,16,5,18,9,24,2,24,0
1.921E14,1.922E14,1.923E14,1.924E14,1.925E14,1.926E14,0.0,0.0,0.0,0.0,0.0,0.0,0.0,0.0,0.0,0.0,0.0,0.0,0.0,0.0,0.0,0.0,0.0,0.0,0.0,0.0,0.0,0.0,0.0,0.0,0.0,0.0,0.0,0.0,0.0,0.0,0.0,0.0,0.0,0.0,24,7,22,4,16,4,20,1,24,0
1.921E14,1.922E14,1.923E14,1.924E14,1.925E14,1.926E14,0.0,0.0,0.0,0.0,0.0,0.0,0.0,0.0,0.0,0.0,0.0,0.0,0.0,0.0,0.0,0.0,0.0,0.0,0.0,0.0,0.0,0.0,0.0,0.0,0.0,0.0,0.0,0.0,0.0,0.0,0.0,0.0,0.0,0.0,24,0,24,5,15,10,19,1,24,0
1.921E14,1.922E14,1.923E14,1.924E14,1.925E14,1.926E14,0.0,0.0,0.0,0.0,0.0,0.0,0.0,0.0,0.0,0.0,0.0,0.0,0.0,0.0,0.0,0.0,0.0,0.0,0.0,0.0,0.0,0.0,0.0,0.0,0.0,0.0,0.0,0.0,0.0,0.0,0.0,0.0,0.0,0.0,24,7,24,5,15,4,20,1,24,0
1.921E14,1.922E14,1.923E14,1.924E14,1.925E14,1.926E14,0.0,0.0,0.0,0.0,0.0,0.0,0.0,0.0,0.0,0.0,0.0,0.0,0.0,0.0,0.0,0.0,0.0,0.0,0.0,0.0,0.0,0.0,0.0,0.0,0.0,0.0,0.0,0.0,0.0,0.0,0.0,0.0,0.0,0.0,24,0,24,6,15,10,20,1,24,0
1.921E14,1.922E14,1.923E14,1.924E14,1.925E14,1.926E14,0.0,0.0,0.0,0.0,0.0,0.0,0.0,0.0,0.0,0.0,0.0,0.0,0.0,0.0,0.0,0.0,0.0,0.0,0.0,0.0,0.0,0.0,0.0,0.0,0.0,0.0,0.0,0.0,0.0,0.0,0.0,0.0,0.0,0.0,24,7,22,5,17,4,20,1,24,0
1.921E14,1.922E14,1.923E14,1.924E14,1.925E14,1.926E14,0.0,0.0,0.0,0.0,0.0,0.0,0.0,0.0,0.0,0.0,0.0,0.0,0.0,0.0,0.0,0.0,0.0,0.0,0.0,0.0,0.0,0.0,0.0,0.0,0.0,0.0,0.0,0.0,0.0,0.0,0.0,0.0,0.0,0.0,19,0,24,5,17,4,23,8,24,0
1.921E14,1.922E14,1.923E14,1.924E14,1.925E14,1.926E14,1.927E14,0.0,0.0,0.0,0.0,0.0,0.0,0.0,0.0,0.0,0.0,0.0,0.0,0.0,0.0,0.0,0.0,0.0,0.0,0.0,0.0,0.0,0.0,0.0,0.0,0.0,0.0,0.0,0.0,0.0,0.0,0.0,0.0,0.0,15,2,24,4,15,1,20,1,24,0
1.921E14,1.922E14,1.923E14,1.924E14,1.925E14,1.926E14,1.927E14,0.0,0.0,0.0,0.0,0.0,0.0,0.0,0.0,0.0,0.0,0.0,0.0,0.0,0.0,0.0,0.0,0.0,0.0,0.0,0.0,0.0,0.0,0.0,0.0,0.0,0.0,0.0,0.0,0.0,0.0,0.0,0.0,0.0,15,5,19,1,19,2,22,1,24,0
1.921E14,1.922E14,1.923E14,1.924E14,1.925E14,1.926E14,1.927E14,0.0,0.0,0.0,0.0,0.0,0.0,0.0,0.0,0.0,0.0,0.0,0.0,0.0,0.0,0.0,0.0,0.0,0.0,0.0,0.0,0.0,0.0,0.0,0.0,0.0,0.0,0.0,0.0,0.0,0.0,0.0,0.0,0.0,15,4,19,1,19,3,22,1,24,0
1.921E14,1.922E14,1.923E14,1.924E14,1.925E14,1.926E14,1.927E14,0.0,0.0,0.0,0.0,0.0,0.0,0.0,0.0,0.0,0.0,0.0,0.0,0.0,0.0,0.0,0.0,0.0,0.0,0.0,0.0,0.0,0.0,0.0,0.0,0.0,0.0,0.0,0.0,0.0,0.0,0.0,0.0,0.0,16,4,20,2,19,2,20,1,24,0
1.921E14,1.922E14,1.923E14,1.924E14,1.925E14,1.926E14,1.927E14,0.0,0.0,0.0,0.0,0.0,0.0,0.0,0.0,0.0,0.0,0.0,0.0,0.0,0.0,0.0,0.0,0.0,0.0,0.0,0.0,0.0,0.0,0.0,0.0,0.0,0.0,0.0,0.0,0.0,0.0,0.0,0.0,0.0,15,5,20,2,17,2,24,1,24,0
1.921E14,1.922E14,1.923E14,1.924E14,1.925E14,1.926E14,1.927E14,0.0,0.0,0.0,0.0,0.0,0.0,0.0,0.0,0.0,0.0,0.0,0.0,0.0,0.0,0.0,0.0,0.0,0.0,0.0,0.0,0.0,0.0,0.0,0.0,0.0,0.0,0.0,0.0,0.0,0.0,0.0,0.0,0.0,17,4,19,1,19,3,20,1,24,0
1.921E14,1.922E14,1.923E14,1.924E14,1.925E14,1.926E14,1.927E14,0.0,0.0,0.0,0.0,0.0,0.0,0.0,0.0,0.0,0.0,0.0,0.0,0.0,0.0,0.0,0.0,0.0,0.0,0.0,0.0,0.0,0.0,0.0,0.0,0.0,0.0,0.0,0.0,0.0,0.0,0.0,0.0,0.0,15,4,19,2,19,3,23,1,24,0
1.921E14,1.922E14,1.923E14,1.924E14,1.925E14,1.926E14,1.927E14,0.0,0.0,0.0,0.0,0.0,0.0,0.0,0.0,0.0,0.0,0.0,0.0,0.0,0.0,0.0,0.0,0.0,0.0,0.0,0.0,0.0,0.0,0.0,0.0,0.0,0.0,0.0,0.0,0.0,0.0,0.0,0.0,0.0,18,4,19,1,19,3,19,1,24,0
1.921E14,1.922E14,1.923E14,1.924E14,1.925E14,1.926E14,1.927E14,0.0,0.0,0.0,0.0,0.0,0.0,0.0,0.0,0.0,0.0,0.0,0.0,0.0,0.0,0.0,0.0,0.0,0.0,0.0,0.0,0.0,0.0,0.0,0.0,0.0,0.0,0.0,0.0,0.0,0.0,0.0,0.0,0.0,18,2,19,6,16,2,23,0,24,0
1.921E14,1.922E14,1.923E14,1.924E14,1.925E14,1.926E14,1.927E14,0.0,0.0,0.0,0.0,0.0,0.0,0.0,0.0,0.0,0.0,0.0,0.0,0.0,0.0,0.0,0.0,0.0,0.0,0.0,0.0,0.0,0.0,0.0,0.0,0.0,0.0,0.0,0.0,0.0,0.0,0.0,0.0,0.0,15,5,19,2,19,3,24,1,24,0
1.921E14,1.922E14,1.923E14,1.924E14,1.925E14,1.926E14,1.927E14,0.0,0.0,0.0,0.0,0.0,0.0,0.0,0.0,0.0,0.0,0.0,0.0,0.0,0.0,0.0,0.0,0.0,0.0,0.0,0.0,0.0,0.0,0.0,0.0,0.0,0.0,0.0,0.0,0.0,0.0,0.0,0.0,0.0,19,5,20,2,17,2,20,1,24,0
1.921E14,1.922E14,1.923E14,1.924E14,1.925E14,1.926E14,1.927E14,0.0,0.0,0.0,0.0,0.0,0.0,0.0,0.0,0.0,0.0,0.0,0.0,0.0,0.0,0.0,0.0,0.0,0.0,0.0,0.0,0.0,0.0,0.0,0.0,0.0,0.0,0.0,0.0,0.0,0.0,0.0,0.0,0.0,15,5,23,4,19,1,20,1,24,0
1.921E14,1.922E14,1.923E14,1.924E14,1.925E14,1.926E14,1.927E14,0.0,0.0,0.0,0.0,0.0,0.0,0.0,0.0,0.0,0.0,0.0,0.0,0.0,0.0,0.0,0.0,0.0,0.0,0.0,0.0,0.0,0.0,0.0,0.0,0.0,0.0,0.0,0.0,0.0,0.0,0.0,0.0,0.0,19,5,19,1,19,3,19,1,24,0
1.921E14,1.922E14,1.923E14,1.924E14,1.925E14,1.926E14,1.927E14,0.0,0.0,0.0,0.0,0.0,0.0,0.0,0.0,0.0,0.0,0.0,0.0,0.0,0.0,0.0,0.0,0.0,0.0,0.0,0.0,0.0,0.0,0.0,0.0,0.0,0.0,0.0,0.0,0.0,0.0,0.0,0.0,0.0,19,2,19,6,16,2,23,1,24,0
1.921E14,1.922E14,1.923E14,1.924E14,1.925E14,1.926E14,1.927E14,0.0,0.0,0.0,0.0,0.0,0.0,0.0,0.0,0.0,0.0,0.0,0.0,0.0,0.0,0.0,0.0,0.0,0.0,0.0,0.0,0.0,0.0,0.0,0.0,0.0,0.0,0.0,0.0,0.0,0.0,0.0,0.0,0.0,16,5,23,4,19,1,19,1,24,0
1.921E14,1.922E14,1.923E14,1.924E14,1.925E14,1.926E14,1.927E14,0.0,0.0,0.0,0.0,0.0,0.0,0.0,0.0,0.0,0.0,0.0,0.0,0.0,0.0,0.0,0.0,0.0,0.0,0.0,0.0,0.0,0.0,0.0,0.0,0.0,0.0,0.0,0.0,0.0,0.0,0.0,0.0,0.0,15,5,24,4,19,2,20,1,24,0
1.921E14,1.922E14,1.923E14,1.924E14,1.925E14,1.926E14,1.927E14,0.0,0.0,0.0,0.0,0.0,0.0,0.0,0.0,0.0,0.0,0.0,0.0,0.0,0.0,0.0,0.0,0.0,0.0,0.0,0.0,0.0,0.0,0.0,0.0,0.0,0.0,0.0,0.0,0.0,0.0,0.0,0.0,0.0,18,4,20,5,16,3,24,0,24,0
1.921E14,1.922E14,1.923E14,1.924E14,1.925E14,1.926E14,1.927E14,0.0,0.0,0.0,0.0,0.0,0.0,0.0,0.0,0.0,0.0,0.0,0.0,0.0,0.0,0.0,0.0,0.0,0.0,0.0,0.0,0.0,0.0,0.0,0.0,0.0,0.0,0.0,0.0,0.0,0.0,0.0,0.0,0.0,19,3,19,5,16,4,24,0,24,0
1.921E14,1.922E14,1.923E14,1.924E14,1.925E14,1.926E14,1.927E14,0.0,0.0,0.0,0.0,0.0,0.0,0.0,0.0,0.0,0.0,0.0,0.0,0.0,0.0,0.0,0.0,0.0,0.0,0.0,0.0,0.0,0.0,0.0,0.0,0.0,0.0,0.0,0.0,0.0,0.0,0.0,0.0,0.0,18,5,20,2,17,4,23,1,24,0
1.921E14,1.922E14,1.923E14,1.924E14,1.925E14,1.926E14,1.927E14,0.0,0.0,0.0,0.0,0.0,0.0,0.0,0.0,0.0,0.0,0.0,0.0,0.0,0.0,0.0,0.0,0.0,0.0,0.0,0.0,0.0,0.0,0.0,0.0,0.0,0.0,0.0,0.0,0.0,0.0,0.0,0.0,0.0,16,5,24,4,19,2,19,1,24,0
1.921E14,1.922E14,1.923E14,1.924E14,1.925E14,1.926E14,1.927E14,0.0,0.0,0.0,0.0,0.0,0.0,0.0,0.0,0.0,0.0,0.0,0.0,0.0,0.0,0.0,0.0,0.0,0.0,0.0,0.0,0.0,0.0,0.0,0.0,0.0,0.0,0.0,0.0,0.0,0.0,0.0,0.0,0.0,16,5,23,5,16,2,24,1,24,0
1.921E14,1.922E14,1.923E14,1.924E14,1.925E14,1.926E14,1.927E14,0.0,0.0,0.0,0.0,0.0,0.0,0.0,0.0,0.0,0.0,0.0,0.0,0.0,0.0,0.0,0.0,0.0,0.0,0.0,0.0,0.0,0.0,0.0,0.0,0.0,0.0,0.0,0.0,0.0,0.0,0.0,0.0,0.0,18,4,24,5,19,2,17,1,24,0
1.921E14,1.922E14,1.923E14,1.924E14,1.925E14,1.926E14,1.927E14,0.0,0.0,0.0,0.0,0.0,0.0,0.0,0.0,0.0,0.0,0.0,0.0,0.0,0.0,0.0,0.0,0.0,0.0,0.0,0.0,0.0,0.0,0.0,0.0,0.0,0.0,0.0,0.0,0.0,0.0,0.0,0.0,0.0,18,4,19,6,19,2,23,1,24,0
1.921E14,1.922E14,1.923E14,1.924E14,1.925E14,1.926E14,1.927E14,0.0,0.0,0.0,0.0,0.0,0.0,0.0,0.0,0.0,0.0,0.0,0.0,0.0,0.0,0.0,0.0,0.0,0.0,0.0,0.0,0.0,0.0,0.0,0.0,0.0,0.0,0.0,0.0,0.0,0.0,0.0,0.0,0.0,15,4,24,7,19,2,22,1,24,0
1.921E14,1.922E14,1.923E14,1.924E14,1.925E14,1.926E14,1.927E14,0.0,0.0,0.0,0.0,0.0,0.0,0.0,0.0,0.0,0.0,0.0,0.0,0.0,0.0,0.0,0.0,0.0,0.0,0.0,0.0,0.0,0.0,0.0,0.0,0.0,0.0,0.0,0.0,0.0,0.0,0.0,0.0,0.0,17,5,24,5,19,2,19,1,24,0
1.921E14,1.922E14,1.923E14,1.924E14,1.925E14,1.926E14,1.927E14,0.0,0.0,0.0,0.0,0.0,0.0,0.0,0.0,0.0,0.0,0.0,0.0,0.0,0.0,0.0,0.0,0.0,0.0,0.0,0.0,0.0,0.0,0.0,0.0,0.0,0.0,0.0,0.0,0.0,0.0,0.0,0.0,0.0,18,6,19,5,19,2,24,1,24,0
1.921E14,1.922E14,1.923E14,1.924E14,1.925E14,1.926E14,1.927E14,0.0,0.0,0.0,0.0,0.0,0.0,0.0,0.0,0.0,0.0,0.0,0.0,0.0,0.0,0.0,0.0,0.0,0.0,0.0,0.0,0.0,0.0,0.0,0.0,0.0,0.0,0.0,0.0,0.0,0.0,0.0,0.0,0.0,19,5,19,6,19,2,23,1,24,0
1.921E14,1.922E14,1.923E14,1.924E14,1.925E14,1.926E14,1.927E14,0.0,0.0,0.0,0.0,0.0,0.0,0.0,0.0,0.0,0.0,0.0,0.0,0.0,0.0,0.0,0.0,0.0,0.0,0.0,0.0,0.0,0.0,0.0,0.0,0.0,0.0,0.0,0.0,0.0,0.0,0.0,0.0,0.0,15,0,19,5,24,10,23,0,24,0
1.921E14,1.922E14,1.923E14,1.924E14,1.925E14,1.926E14,1.927E14,0.0,0.0,0.0,0.0,0.0,0.0,0.0,0.0,0.0,0.0,0.0,0.0,0.0,0.0,0.0,0.0,0.0,0.0,0.0,0.0,0.0,0.0,0.0,0.0,0.0,0.0,0.0,0.0,0.0,0.0,0.0,0.0,0.0,22,5,19,6,19,2,20,1,24,0
1.921E14,1.922E14,1.923E14,1.924E14,1.925E14,1.926E14,1.927E14,0.0,0.0,0.0,0.0,0.0,0.0,0.0,0.0,0.0,0.0,0.0,0.0,0.0,0.0,0.0,0.0,0.0,0.0,0.0,0.0,0.0,0.0,0.0,0.0,0.0,0.0,0.0,0.0,0.0,0.0,0.0,0.0,0.0,18,4,24,6,19,3,19,1,24,0
1.921E14,1.922E14,1.923E14,1.924E14,1.925E14,1.926E14,1.927E14,1.928E14,0.0,0.0,0.0,0.0,0.0,0.0,0.0,0.0,0.0,0.0,0.0,0.0,0.0,0.0,0.0,0.0,0.0,0.0,0.0,0.0,0.0,0.0,0.0,0.0,0.0,0.0,0.0,0.0,0.0,0.0,0.0,0.0,15,5,21,2,20,3,20,0,24,0
1.921E14,1.922E14,1.923E14,1.924E14,1.925E14,1.926E14,1.927E14,1.928E14,0.0,0.0,0.0,0.0,0.0,0.0,0.0,0.0,0.0,0.0,0.0,0.0,0.0,0.0,0.0,0.0,0.0,0.0,0.0,0.0,0.0,0.0,0.0,0.0,0.0,0.0,0.0,0.0,0.0,0.0,0.0,0.0,15,0,21,2,19,3,20,4,24,0
1.921E14,1.922E14,1.923E14,1.924E14,1.925E14,1.926E14,1.927E14,1.928E14,0.0,0.0,0.0,0.0,0.0,0.0,0.0,0.0,0.0,0.0,0.0,0.0,0.0,0.0,0.0,0.0,0.0,0.0,0.0,0.0,0.0,0.0,0.0,0.0,0.0,0.0,0.0,0.0,0.0,0.0,0.0,0.0,15,6,22,2,19,2,20,0,24,0
1.921E14,1.922E14,1.923E14,1.924E14,1.925E14,1.926E14,1.927E14,1.928E14,0.0,0.0,0.0,0.0,0.0,0.0,0.0,0.0,0.0,0.0,0.0,0.0,0.0,0.0,0.0,0.0,0.0,0.0,0.0,0.0,0.0,0.0,0.0,0.0,0.0,0.0,0.0,0.0,0.0,0.0,0.0,0.0,15,5,22,2,19,3,20,0,24,0
1.921E14,1.922E14,1.923E14,1.924E14,1.925E14,1.926E14,1.927E14,1.928E14,0.0,0.0,0.0,0.0,0.0,0.0,0.0,0.0,0.0,0.0,0.0,0.0,0.0,0.0,0.0,0.0,0.0,0.0,0.0,0.0,0.0,0.0,0.0,0.0,0.0,0.0,0.0,0.0,0.0,0.0,0.0,0.0,15,0,18,5,19,3,24,2,24,0
1.921E14,1.922E14,1.923E14,1.924E14,1.925E14,1.926E14,1.927E14,1.928E14,0.0,0.0,0.0,0.0,0.0,0.0,0.0,0.0,0.0,0.0,0.0,0.0,0.0,0.0,0.0,0.0,0.0,0.0,0.0,0.0,0.0,0.0,0.0,0.0,0.0,0.0,0.0,0.0,0.0,0.0,0.0,0.0,15,0,18,4,23,3,20,3,24,0
1.921E14,1.922E14,1.923E14,1.924E14,1.925E14,1.926E14,1.927E14,1.928E14,0.0,0.0,0.0,0.0,0.0,0.0,0.0,0.0,0.0,0.0,0.0,0.0,0.0,0.0,0.0,0.0,0.0,0.0,0.0,0.0,0.0,0.0,0.0,0.0,0.0,0.0,0.0,0.0,0.0,0.0,0.0,0.0,15,6,22,2,20,3,20,0,24,0
1.921E14,1.922E14,1.923E14,1.924E14,1.925E14,1.926E14,1.927E14,1.928E14,0.0,0.0,0.0,0.0,0.0,0.0,0.0,0.0,0.0,0.0,0.0,0.0,0.0,0.0,0.0,0.0,0.0,0.0,0.0,0.0,0.0,0.0,0.0,0.0,0.0,0.0,0.0,0.0,0.0,0.0,0.0,0.0,16,0,18,5,19,3,23,2,24,0
1.921E14,1.922E14,1.923E14,1.924E14,1.925E14,1.926E14,1.927E14,1.928E14,0.0,0.0,0.0,0.0,0.0,0.0,0.0,0.0,0.0,0.0,0.0,0.0,0.0,0.0,0.0,0.0,0.0,0.0,0.0,0.0,0.0,0.0,0.0,0.0,0.0,0.0,0.0,0.0,0.0,0.0,0.0,0.0,18,3,18,4,20,0,20,3,24,0
1.921E14,1.922E14,1.923E14,1.924E14,1.925E14,1.926E14,1.927E14,1.928E14,0.0,0.0,0.0,0.0,0.0,0.0,0.0,0.0,0.0,0.0,0.0,0.0,0.0,0.0,0.0,0.0,0.0,0.0,0.0,0.0,0.0,0.0,0.0,0.0,0.0,0.0,0.0,0.0,0.0,0.0,0.0,0.0,18,0,18,4,20,3,20,3,24,0
1.921E14,1.922E14,1.923E14,1.924E14,1.925E14,1.926E14,1.927E14,1.928E14,0.0,0.0,0.0,0.0,0.0,0.0,0.0,0.0,0.0,0.0,0.0,0.0,0.0,0.0,0.0,0.0,0.0,0.0,0.0,0.0,0.0,0.0,0.0,0.0,0.0,0.0,0.0,0.0,0.0,0.0,0.0,0.0,15,7,21,2,19,3,23,0,24,0
1.921E14,1.922E14,1.923E14,1.924E14,1.925E14,1.926E14,1.927E14,1.928E14,0.0,0.0,0.0,0.0,0.0,0.0,0.0,0.0,0.0,0.0,0.0,0.0,0.0,0.0,0.0,0.0,0.0,0.0,0.0,0.0,0.0,0.0,0.0,0.0,0.0,0.0,0.0,0.0,0.0,0.0,0.0,0.0,15,6,21,3,19,3,23,0,24,0
1.921E14,1.922E14,1.923E14,1.924E14,1.925E14,1.926E14,1.927E14,1.928E14,0.0,0.0,0.0,0.0,0.0,0.0,0.0,0.0,0.0,0.0,0.0,0.0,0.0,0.0,0.0,0.0,0.0,0.0,0.0,0.0,0.0,0.0,0.0,0.0,0.0,0.0,0.0,0.0,0.0,0.0,0.0,0.0,17,1,18,7,19,3,23,0,24,0
1.921E14,1.922E14,1.923E14,1.924E14,1.925E14,1.926E14,1.927E14,1.928E14,0.0,0.0,0.0,0.0,0.0,0.0,0.0,0.0,0.0,0.0,0.0,0.0,0.0,0.0,0.0,0.0,0.0,0.0,0.0,0.0,0.0,0.0,0.0,0.0,0.0,0.0,0.0,0.0,0.0,0.0,0.0,0.0,16,2,22,3,16,3,23,3,24,0
1.921E14,1.922E14,1.923E14,1.924E14,1.925E14,1.926E14,1.927E14,1.928E14,0.0,0.0,0.0,0.0,0.0,0.0,0.0,0.0,0.0,0.0,0.0,0.0,0.0,0.0,0.0,0.0,0.0,0.0,0.0,0.0,0.0,0.0,0.0,0.0,0.0,0.0,0.0,0.0,0.0,0.0,0.0,0.0,15,5,21,2,19,3,23,2,24,0
1.921E14,1.922E14,1.923E14,1.924E14,1.925E14,1.926E14,1.927E14,1.928E14,0.0,0.0,0.0,0.0,0.0,0.0,0.0,0.0,0.0,0.0,0.0,0.0,0.0,0.0,0.0,0.0,0.0,0.0,0.0,0.0,0.0,0.0,0.0,0.0,0.0,0.0,0.0,0.0,0.0,0.0,0.0,0.0,18,6,21,2,19,3,19,0,24,0
1.921E14,1.922E14,1.923E14,1.924E14,1.925E14,1.926E14,1.927E14,1.928E14,0.0,0.0,0.0,0.0,0.0,0.0,0.0,0.0,0.0,0.0,0.0,0.0,0.0,0.0,0.0,0.0,0.0,0.0,0.0,0.0,0.0,0.0,0.0,0.0,0.0,0.0,0.0,0.0,0.0,0.0,0.0,0.0,16,6,22,3,20,3,20,0,24,0
1.921E14,1.922E14,1.923E14,1.924E14,1.925E14,1.926E14,1.927E14,1.928E14,0.0,0.0,0.0,0.0,0.0,0.0,0.0,0.0,0.0,0.0,0.0,0.0,0.0,0.0,0.0,0.0,0.0,0.0,0.0,0.0,0.0,0.0,0.0,0.0,0.0,0.0,0.0,0.0,0.0,0.0,0.0,0.0,17,6,21,3,20,3,20,0,24,0
1.921E14,1.922E14,1.923E14,1.924E14,1.925E14,1.926E14,1.927E14,1.928E14,0.0,0.0,0.0,0.0,0.0,0.0,0.0,0.0,0.0,0.0,0.0,0.0,0.0,0.0,0.0,0.0,0.0,0.0,0.0,0.0,0.0,0.0,0.0,0.0,0.0,0.0,0.0,0.0,0.0,0.0,0.0,0.0,16,5,21,2,18,3,23,2,24,0
1.921E14,1.922E14,1.923E14,1.924E14,1.925E14,1.926E14,1.927E14,1.928E14,0.0,0.0,0.0,0.0,0.0,0.0,0.0,0.0,0.0,0.0,0.0,0.0,0.0,0.0,0.0,0.0,0.0,0.0,0.0,0.0,0.0,0.0,0.0,0.0,0.0,0.0,0.0,0.0,0.0,0.0,0.0,0.0,15,4,21,4,20,3,23,2,24,0
1.921E14,1.922E14,1.923E14,1.924E14,1.925E14,1.926E14,1.927E14,1.928E14,0.0,0.0,0.0,0.0,0.0,0.0,0.0,0.0,0.0,0.0,0.0,0.0,0.0,0.0,0.0,0.0,0.0,0.0,0.0,0.0,0.0,0.0,0.0,0.0,0.0,0.0,0.0,0.0,0.0,0.0,0.0,0.0,15,6,22,5,23,2,19,0,24,0
1.921E14,1.922E14,1.923E14,1.924E14,1.925E14,1.926E14,1.927E14,1.928E14,0.0,0.0,0.0,0.0,0.0,0.0,0.0,0.0,0.0,0.0,0.0,0.0,0.0,0.0,0.0,0.0,0.0,0.0,0.0,0.0,0.0,0.0,0.0,0.0,0.0,0.0,0.0,0.0,0.0,0.0,0.0,0.0,16,3,22,2,20,3,20,4,24,0
1.921E14,1.922E14,1.923E14,1.924E14,1.925E14,1.926E14,1.927E14,1.928E14,0.0,0.0,0.0,0.0,0.0,0.0,0.0,0.0,0.0,0.0,0.0,0.0,0.0,0.0,0.0,0.0,0.0,0.0,0.0,0.0,0.0,0.0,0.0,0.0,0.0,0.0,0.0,0.0,0.0,0.0,0.0,0.0,15,1,21,4,23,8,20,0,24,0
1.921E14,1.922E14,1.923E14,1.924E14,1.925E14,1.926E14,1.927E14,1.928E14,0.0,0.0,0.0,0.0,0.0,0.0,0.0,0.0,0.0,0.0,0.0,0.0,0.0,0.0,0.0,0.0,0.0,0.0,0.0,0.0,0.0,0.0,0.0,0.0,0.0,0.0,0.0,0.0,0.0,0.0,0.0,0.0,15,3,21,2,19,3,24,5,24,0
1.921E14,1.922E14,1.923E14,1.924E14,1.925E14,1.926E14,1.927E14,1.928E14,0.0,0.0,0.0,0.0,0.0,0.0,0.0,0.0,0.0,0.0,0.0,0.0,0.0,0.0,0.0,0.0,0.0,0.0,0.0,0.0,0.0,0.0,0.0,0.0,0.0,0.0,0.0,0.0,0.0,0.0,0.0,0.0,15,6,18,4,24,3,23,1,24,0
1.921E14,1.922E14,1.923E14,1.924E14,1.925E14,1.926E14,1.927E14,1.928E14,0.0,0.0,0.0,0.0,0.0,0.0,0.0,0.0,0.0,0.0,0.0,0.0,0.0,0.0,0.0,0.0,0.0,0.0,0.0,0.0,0.0,0.0,0.0,0.0,0.0,0.0,0.0,0.0,0.0,0.0,0.0,0.0,17,1,15,5,24,7,24,1,24,0
1.921E14,1.922E14,1.923E14,1.924E14,1.925E14,1.926E14,1.927E14,1.928E14,0.0,0.0,0.0,0.0,0.0,0.0,0.0,0.0,0.0,0.0,0.0,0.0,0.0,0.0,0.0,0.0,0.0,0.0,0.0,0.0,0.0,0.0,0.0,0.0,0.0,0.0,0.0,0.0,0.0,0.0,0.0,0.0,16,5,22,2,18,3,23,3,24,0
1.921E14,1.922E14,1.923E14,1.924E14,1.925E14,1.926E14,1.927E14,1.928E14,0.0,0.0,0.0,0.0,0.0,0.0,0.0,0.0,0.0,0.0,0.0,0.0,0.0,0.0,0.0,0.0,0.0,0.0,0.0,0.0,0.0,0.0,0.0,0.0,0.0,0.0,0.0,0.0,0.0,0.0,0.0,0.0,16,6,21,3,20,3,23,2,24,0
1.921E14,1.922E14,1.923E14,1.924E14,1.925E14,1.926E14,1.927E14,1.928E14,0.0,0.0,0.0,0.0,0.0,0.0,0.0,0.0,0.0,0.0,0.0,0.0,0.0,0.0,0.0,0.0,0.0,0.0,0.0,0.0,0.0,0.0,0.0,0.0,0.0,0.0,0.0,0.0,0.0,0.0,0.0,0.0,15,5,22,2,23,3,20,4,24,0
1.921E14,1.922E14,1.923E14,1.924E14,1.925E14,1.926E14,1.927E14,1.928E14,0.0,0.0,0.0,0.0,0.0,0.0,0.0,0.0,0.0,0.0,0.0,0.0,0.0,0.0,0.0,0.0,0.0,0.0,0.0,0.0,0.0,0.0,0.0,0.0,0.0,0.0,0.0,0.0,0.0,0.0,0.0,0.0,16,6,22,2,18,3,24,3,24,0
1.921E14,1.922E14,1.923E14,1.924E14,1.925E14,1.926E14,1.927E14,1.928E14,1.929E14,0.0,0.0,0.0,0.0,0.0,0.0,0.0,0.0,0.0,0.0,0.0,0.0,0.0,0.0,0.0,0.0,0.0,0.0,0.0,0.0,0.0,0.0,0.0,0.0,0.0,0.0,0.0,0.0,0.0,0.0,0.0,15,0,15,6,24,2,23,3,24,0
1.921E14,1.922E14,1.923E14,1.924E14,1.925E14,1.926E14,1.927E14,1.928E14,1.929E14,0.0,0.0,0.0,0.0,0.0,0.0,0.0,0.0,0.0,0.0,0.0,0.0,0.0,0.0,0.0,0.0,0.0,0.0,0.0,0.0,0.0,0.0,0.0,0.0,0.0,0.0,0.0,0.0,0.0,0.0,0.0,15,0,15,5,24,2,23,4,24,0
1.921E14,1.922E14,1.923E14,1.924E14,1.925E14,1.926E14,1.927E14,1.928E14,1.929E14,0.0,0.0,0.0,0.0,0.0,0.0,0.0,0.0,0.0,0.0,0.0,0.0,0.0,0.0,0.0,0.0,0.0,0.0,0.0,0.0,0.0,0.0,0.0,0.0,0.0,0.0,0.0,0.0,0.0,0.0,0.0,15,2,15,5,24,2,24,3,24,0
1.921E14,1.922E14,1.923E14,1.924E14,1.925E14,1.926E14,1.927E14,1.928E14,1.929E14,0.0,0.0,0.0,0.0,0.0,0.0,0.0,0.0,0.0,0.0,0.0,0.0,0.0,0.0,0.0,0.0,0.0,0.0,0.0,0.0,0.0,0.0,0.0,0.0,0.0,0.0,0.0,0.0,0.0,0.0,0.0,15,1,15,5,24,2,24,4,24,0
1.921E14,1.922E14,1.923E14,1.924E14,1.925E14,1.926E14,1.927E14,1.928E14,1.929E14,0.0,0.0,0.0,0.0,0.0,0.0,0.0,0.0,0.0,0.0,0.0,0.0,0.0,0.0,0.0,0.0,0.0,0.0,0.0,0.0,0.0,0.0,0.0,0.0,0.0,0.0,0.0,0.0,0.0,0.0,0.0,15,1,15,4,24,2,24,5,24,0
1.921E14,1.922E14,1.923E14,1.924E14,1.925E14,1.926E14,1.927E14,1.928E14,1.929E14,0.0,0.0,0.0,0.0,0.0,0.0,0.0,0.0,0.0,0.0,0.0,0.0,0.0,0.0,0.0,0.0,0.0,0.0,0.0,0.0,0.0,0.0,0.0,0.0,0.0,0.0,0.0,0.0,0.0,0.0,0.0,19,0,19,6,19,2,19,2,24,0
1.921E14,1.922E14,1.923E14,1.924E14,1.925E14,1.926E14,1.927E14,1.928E14,1.929E14,0.0,0.0,0.0,0.0,0.0,0.0,0.0,0.0,0.0,0.0,0.0,0.0,0.0,0.0,0.0,0.0,0.0,0.0,0.0,0.0,0.0,0.0,0.0,0.0,0.0,0.0,0.0,0.0,0.0,0.0,0.0,23,1,15,6,19,2,20,2,24,0
1.921E14,1.922E14,1.923E14,1.924E14,1.925E14,1.926E14,1.927E14,1.928E14,1.929E14,0.0,0.0,0.0,0.0,0.0,0.0,0.0,0.0,0.0,0.0,0.0,0.0,0.0,0.0,0.0,0.0,0.0,0.0,0.0,0.0,0.0,0.0,0.0,0.0,0.0,0.0,0.0,0.0,0.0,0.0,0.0,19,0,15,7,20,2,24,3,24,0
1.921E14,1.922E14,1.923E14,1.924E14,1.925E14,1.926E14,1.927E14,1.928E14,1.929E14,0.0,0.0,0.0,0.0,0.0,0.0,0.0,0.0,0.0,0.0,0.0,0.0,0.0,0.0,0.0,0.0,0.0,0.0,0.0,0.0,0.0,0.0,0.0,0.0,0.0,0.0,0.0,0.0,0.0,0.0,0.0,18,0,15,6,22,2,23,4,24,0
1.921E14,1.922E14,1.923E14,1.924E14,1.925E14,1.926E14,1.927E14,1.928E14,1.929E14,0.0,0.0,0.0,0.0,0.0,0.0,0.0,0.0,0.0,0.0,0.0,0.0,0.0,0.0,0.0,0.0,0.0,0.0,0.0,0.0,0.0,0.0,0.0,0.0,0.0,0.0,0.0,0.0,0.0,0.0,0.0,18,0,15,6,23,2,22,4,24,0
1.921E14,1.922E14,1.923E14,1.924E14,1.925E14,1.926E14,1.927E14,1.928E14,1.929E14,0.0,0.0,0.0,0.0,0.0,0.0,0.0,0.0,0.0,0.0,0.0,0.0,0.0,0.0,0.0,0.0,0.0,0.0,0.0,0.0,0.0,0.0,0.0,0.0,0.0,0.0,0.0,0.0,0.0,0.0,0.0,16,2,15,5,24,2,24,4,24,0
1.921E14,1.922E14,1.923E14,1.924E14,1.925E14,1.926E14,1.927E14,1.928E14,1.929E14,0.0,0.0,0.0,0.0,0.0,0.0,0.0,0.0,0.0,0.0,0.0,0.0,0.0,0.0,0.0,0.0,0.0,0.0,0.0,0.0,0.0,0.0,0.0,0.0,0.0,0.0,0.0,0.0,0.0,0.0,0.0,16,0,15,6,24,5,24,2,24,0
1.921E14,1.922E14,1.923E14,1.924E14,1.925E14,1.926E14,1.927E14,1.928E14,1.929E14,0.0,0.0,0.0,0.0,0.0,0.0,0.0,0.0,0.0,0.0,0.0,0.0,0.0,0.0,0.0,0.0,0.0,0.0,0.0,0.0,0.0,0.0,0.0,0.0,0.0,0.0,0.0,0.0,0.0,0.0,0.0,16,0,15,6,24,2,24,5,24,0
1.921E14,1.922E14,1.923E14,1.924E14,1.925E14,1.926E14,1.927E14,1.928E14,1.929E14,0.0,0.0,0.0,0.0,0.0,0.0,0.0,0.0,0.0,0.0,0.0,0.0,0.0,0.0,0.0,0.0,0.0,0.0,0.0,0.0,0.0,0.0,0.0,0.0,0.0,0.0,0.0,0.0,0.0,0.0,0.0,18,2,15,5,24,2,22,4,24,0
1.921E14,1.922E14,1.923E14,1.924E14,1.925E14,1.926E14,1.927E14,1.928E14,1.929E14,0.0,0.0,0.0,0.0,0.0,0.0,0.0,0.0,0.0,0.0,0.0,0.0,0.0,0.0,0.0,0.0,0.0,0.0,0.0,0.0,0.0,0.0,0.0,0.0,0.0,0.0,0.0,0.0,0.0,0.0,0.0,18,0,15,7,23,2,23,4,24,0
1.921E14,1.922E14,1.923E14,1.924E14,1.925E14,1.926E14,1.927E14,1.928E14,1.929E14,0.0,0.0,0.0,0.0,0.0,0.0,0.0,0.0,0.0,0.0,0.0,0.0,0.0,0.0,0.0,0.0,0.0,0.0,0.0,0.0,0.0,0.0,0.0,0.0,0.0,0.0,0.0,0.0,0.0,0.0,0.0,19,0,15,7,23,2,22,4,24,0
1.921E14,1.922E14,1.923E14,1.924E14,1.925E14,1.926E14,1.927E14,1.928E14,1.929E14,0.0,0.0,0.0,0.0,0.0,0.0,0.0,0.0,0.0,0.0,0.0,0.0,0.0,0.0,0.0,0.0,0.0,0.0,0.0,0.0,0.0,0.0,0.0,0.0,0.0,0.0,0.0,0.0,0.0,0.0,0.0,17,2,15,6,24,2,24,4,24,0
1.921E14,1.922E14,1.923E14,1.924E14,1.925E14,1.926E14,1.927E14,1.928E14,1.929E14,0.0,0.0,0.0,0.0,0.0,0.0,0.0,0.0,0.0,0.0,0.0,0.0,0.0,0.0,0.0,0.0,0.0,0.0,0.0,0.0,0.0,0.0,0.0,0.0,0.0,0.0,0.0,0.0,0.0,0.0,0.0,17,1,15,5,24,6,24,2,24,0
1.921E14,1.922E14,1.923E14,1.924E14,1.925E14,1.926E14,1.927E14,1.928E14,1.929E14,0.0,0.0,0.0,0.0,0.0,0.0,0.0,0.0,0.0,0.0,0.0,0.0,0.0,0.0,0.0,0.0,0.0,0.0,0.0,0.0,0.0,0.0,0.0,0.0,0.0,0.0,0.0,0.0,0.0,0.0,0.0,17,1,15,6,24,2,24,5,24,0
1.921E14,1.922E14,1.923E14,1.924E14,1.925E14,1.926E14,1.927E14,1.928E14,1.929E14,0.0,0.0,0.0,0.0,0.0,0.0,0.0,0.0,0.0,0.0,0.0,0.0,0.0,0.0,0.0,0.0,0.0,0.0,0.0,0.0,0.0,0.0,0.0,0.0,0.0,0.0,0.0,0.0,0.0,0.0,0.0,17,0,15,7,24,2,24,5,24,0
1.921E14,1.922E14,1.923E14,1.924E14,1.925E14,1.926E14,1.927E14,1.928E14,1.929E14,0.0,0.0,0.0,0.0,0.0,0.0,0.0,0.0,0.0,0.0,0.0,0.0,0.0,0.0,0.0,0.0,0.0,0.0,0.0,0.0,0.0,0.0,0.0,0.0,0.0,0.0,0.0,0.0,0.0,0.0,0.0,18,1,15,6,23,2,24,5,24,0
1.921E14,1.922E14,1.923E14,1.924E14,1.925E14,1.926E14,1.927E14,1.928E14,1.929E14,0.0,0.0,0.0,0.0,0.0,0.0,0.0,0.0,0.0,0.0,0.0,0.0,0.0,0.0,0.0,0.0,0.0,0.0,0.0,0.0,0.0,0.0,0.0,0.0,0.0,0.0,0.0,0.0,0.0,0.0,0.0,18,0,15,7,24,2,23,5,24,0
1.921E14,1.922E14,1.923E14,1.924E14,1.925E14,1.926E14,1.927E14,1.928E14,1.929E14,0.0,0.0,0.0,0.0,0.0,0.0,0.0,0.0,0.0,0.0,0.0,0.0,0.0,0.0,0.0,0.0,0.0,0.0,0.0,0.0,0.0,0.0,0.0,0.0,0.0,0.0,0.0,0.0,0.0,0.0,0.0,18,0,15,4,24,6,23,4,24,0
1.921E14,1.922E14,1.923E14,1.924E14,1.925E14,1.926E14,1.927E14,1.928E14,1.929E14,0.0,0.0,0.0,0.0,0.0,0.0,0.0,0.0,0.0,0.0,0.0,0.0,0.0,0.0,0.0,0.0,0.0,0.0,0.0,0.0,0.0,0.0,0.0,0.0,0.0,0.0,0.0,0.0,0.0,0.0,0.0,19,0,15,6,23,2,23,6,24,0
1.921E14,1.922E14,1.923E14,1.924E14,1.925E14,1.926E14,1.927E14,1.928E14,1.929E14,0.0,0.0,0.0,0.0,0.0,0.0,0.0,0.0,0.0,0.0,0.0,0.0,0.0,0.0,0.0,0.0,0.0,0.0,0.0,0.0,0.0,0.0,0.0,0.0,0.0,0.0,0.0,0.0,0.0,0.0,0.0,20,0,15,4,23,6,22,4,24,0
1.921E14,1.922E14,1.923E14,1.924E14,1.925E14,1.926E14,1.927E14,1.928E14,1.929E14,0.0,0.0,0.0,0.0,0.0,0.0,0.0,0.0,0.0,0.0,0.0,0.0,0.0,0.0,0.0,0.0,0.0,0.0,0.0,0.0,0.0,0.0,0.0,0.0,0.0,0.0,0.0,0.0,0.0,0.0,0.0,19,3,15,6,23,2,24,4,24,0
1.921E14,1.922E14,1.923E14,1.924E14,1.925E14,1.926E14,1.927E14,1.928E14,1.929E14,0.0,0.0,0.0,0.0,0.0,0.0,0.0,0.0,0.0,0.0,0.0,0.0,0.0,0.0,0.0,0.0,0.0,0.0,0.0,0.0,0.0,0.0,0.0,0.0,0.0,0.0,0.0,0.0,0.0,0.0,0.0,20,3,15,6,23,2,23,4,24,0
1.921E14,1.922E14,1.923E14,1.924E14,1.925E14,1.926E14,1.927E14,1.928E14,1.929E14,0.0,0.0,0.0,0.0,0.0,0.0,0.0,0.0,0.0,0.0,0.0,0.0,0.0,0.0,0.0,0.0,0.0,0.0,0.0,0.0,0.0,0.0,0.0,0.0,0.0,0.0,0.0,0.0,0.0,0.0,0.0,18,0,15,6,24,2,24,7,24,0
1.921E14,1.922E14,1.923E14,1.924E14,1.925E14,1.926E14,1.927E14,1.928E14,1.929E14,0.0,0.0,0.0,0.0,0.0,0.0,0.0,0.0,0.0,0.0,0.0,0.0,0.0,0.0,0.0,0.0,0.0,0.0,0.0,0.0,0.0,0.0,0.0,0.0,0.0,0.0,0.0,0.0,0.0,0.0,0.0,20,0,15,5,24,6,22,4,24,0
1.921E14,1.922E14,1.923E14,1.924E14,1.925E14,1.926E14,1.927E14,1.928E14,1.929E14,0.0,0.0,0.0,0.0,0.0,0.0,0.0,0.0,0.0,0.0,0.0,0.0,0.0,0.0,0.0,0.0,0.0,0.0,0.0,0.0,0.0,0.0,0.0,0.0,0.0,0.0,0.0,0.0,0.0,0.0,0.0,23,1,15,6,19,2,24,6,24,0
1.921E14,1.922E14,1.923E14,1.924E14,1.925E14,1.926E14,1.927E14,1.928E14,1.929E14,1.93E14,0.0,0.0,0.0,0.0,0.0,0.0,0.0,0.0,0.0,0.0,0.0,0.0,0.0,0.0,0.0,0.0,0.0,0.0,0.0,0.0,0.0,0.0,0.0,0.0,0.0,0.0,0.0,0.0,0.0,0.0,21,2,16,0,20,5,17,0,24,1
1.921E14,1.922E14,1.923E14,1.924E14,1.925E14,1.926E14,1.927E14,1.928E14,1.929E14,1.93E14,0.0,0.0,0.0,0.0,0.0,0.0,0.0,0.0,0.0,0.0,0.0,0.0,0.0,0.0,0.0,0.0,0.0,0.0,0.0,0.0,0.0,0.0,0.0,0.0,0.0,0.0,0.0,0.0,0.0,0.0,15,4,17,5,20,0,24,0,24,1
1.921E14,1.922E14,1.923E14,1.924E14,1.925E14,1.926E14,1.927E14,1.928E14,1.929E14,1.93E14,0.0,0.0,0.0,0.0,0.0,0.0,0.0,0.0,0.0,0.0,0.0,0.0,0.0,0.0,0.0,0.0,0.0,0.0,0.0,0.0,0.0,0.0,0.0,0.0,0.0,0.0,0.0,0.0,0.0,0.0,18,3,16,1,17,4,24,0,24,1
1.921E14,1.922E14,1.923E14,1.924E14,1.925E14,1.926E14,1.927E14,1.928E14,1.929E14,1.93E14,0.0,0.0,0.0,0.0,0.0,0.0,0.0,0.0,0.0,0.0,0.0,0.0,0.0,0.0,0.0,0.0,0.0,0.0,0.0,0.0,0.0,0.0,0.0,0.0,0.0,0.0,0.0,0.0,0.0,0.0,14,6,19,3,19,0,24,0,24,1
1.921E14,1.922E14,1.923E14,1.924E14,1.925E14,1.926E14,1.927E14,1.928E14,1.929E14,1.93E14,0.0,0.0,0.0,0.0,0.0,0.0,0.0,0.0,0.0,0.0,0.0,0.0,0.0,0.0,0.0,0.0,0.0,0.0,0.0,0.0,0.0,0.0,0.0,0.0,0.0,0.0,0.0,0.0,0.0,0.0,17,5,19,3,20,0,19,0,24,1
1.921E14,1.922E14,1.923E14,1.924E14,1.925E14,1.926E14,1.927E14,1.928E14,1.929E14,1.93E14,0.0,0.0,0.0,0.0,0.0,0.0,0.0,0.0,0.0,0.0,0.0,0.0,0.0,0.0,0.0,0.0,0.0,0.0,0.0,0.0,0.0,0.0,0.0,0.0,0.0,0.0,0.0,0.0,0.0,0.0,14,2,16,3,23,1,23,3,24,1
1.921E14,1.922E14,1.923E14,1.924E14,1.925E14,1.926E14,1.927E14,1.928E14,1.929E14,1.93E14,0.0,0.0,0.0,0.0,0.0,0.0,0.0,0.0,0.0,0.0,0.0,0.0,0.0,0.0,0.0,0.0,0.0,0.0,0.0,0.0,0.0,0.0,0.0,0.0,0.0,0.0,0.0,0.0,0.0,0.0,17,2,19,4,20,0,19,2,24,1
1.921E14,1.922E14,1.923E14,1.924E14,1.925E14,1.926E14,1.927E14,1.928E14,1.929E14,1.93E14,0.0,0.0,0.0,0.0,0.0,0.0,0.0,0.0,0.0,0.0,0.0,0.0,0.0,0.0,0.0,0.0,0.0,0.0,0.0,0.0,0.0,0.0,0.0,0.0,0.0,0.0,0.0,0.0,0.0,0.0,18,2,19,3,20,3,18,0,24,1
1.921E14,1.922E14,1.923E14,1.924E14,1.925E14,1.926E14,1.927E14,1.928E14,1.929E14,1.93E14,0.0,0.0,0.0,0.0,0.0,0.0,0.0,0.0,0.0,0.0,0.0,0.0,0.0,0.0,0.0,0.0,0.0,0.0,0.0,0.0,0.0,0.0,0.0,0.0,0.0,0.0,0.0,0.0,0.0,0.0,17,5,16,1,19,3,24,0,24,1
1.921E14,1.922E14,1.923E14,1.924E14,1.925E14,1.926E14,1.927E14,1.928E14,1.929E14,1.93E14,0.0,0.0,0.0,0.0,0.0,0.0,0.0,0.0,0.0,0.0,0.0,0.0,0.0,0.0,0.0,0.0,0.0,0.0,0.0,0.0,0.0,0.0,0.0,0.0,0.0,0.0,0.0,0.0,0.0,0.0,17,5,16,2,19,0,24,2,24,1
1.921E14,1.922E14,1.923E14,1.924E14,1.925E14,1.926E14,1.927E14,1.928E14,1.929E14,1.93E14,0.0,0.0,0.0,0.0,0.0,0.0,0.0,0.0,0.0,0.0,0.0,0.0,0.0,0.0,0.0,0.0,0.0,0.0,0.0,0.0,0.0,0.0,0.0,0.0,0.0,0.0,0.0,0.0,0.0,0.0,17,5,16,1,19,0,24,3,24,1
1.921E14,1.922E14,1.923E14,1.924E14,1.925E14,1.926E14,1.927E14,1.928E14,1.929E14,1.93E14,0.0,0.0,0.0,0.0,0.0,0.0,0.0,0.0,0.0,0.0,0.0,0.0,0.0,0.0,0.0,0.0,0.0,0.0,0.0,0.0,0.0,0.0,0.0,0.0,0.0,0.0,0.0,0.0,0.0,0.0,15,1,15,5,24,5,24,0,24,1
1.921E14,1.922E14,1.923E14,1.924E14,1.925E14,1.926E14,1.927E14,1.928E14,1.929E14,1.93E14,0.0,0.0,0.0,0.0,0.0,0.0,0.0,0.0,0.0,0.0,0.0,0.0,0.0,0.0,0.0,0.0,0.0,0.0,0.0,0.0,0.0,0.0,0.0,0.0,0.0,0.0,0.0,0.0,0.0,0.0,18,1,15,3,20,6,24,0,24,1
1.921E14,1.922E14,1.923E14,1.924E14,1.925E14,1.926E14,1.927E14,1.928E14,1.929E14,1.93E14,0.0,0.0,0.0,0.0,0.0,0.0,0.0,0.0,0.0,0.0,0.0,0.0,0.0,0.0,0.0,0.0,0.0,0.0,0.0,0.0,0.0,0.0,0.0,0.0,0.0,0.0,0.0,0.0,0.0,0.0,18,5,19,0,19,4,20,0,24,1
1.921E14,1.922E14,1.923E14,1.924E14,1.925E14,1.926E14,1.927E14,1.928E14,1.929E14,1.93E14,0.0,0.0,0.0,0.0,0.0,0.0,0.0,0.0,0.0,0.0,0.0,0.0,0.0,0.0,0.0,0.0,0.0,0.0,0.0,0.0,0.0,0.0,0.0,0.0,0.0,0.0,0.0,0.0,0.0,0.0,18,3,19,3,20,3,19,0,24,1
1.921E14,1.922E14,1.923E14,1.924E14,1.925E14,1.926E14,1.927E14,1.928E14,1.929E14,1.93E14,0.0,0.0,0.0,0.0,0.0,0.0,0.0,0.0,0.0,0.0,0.0,0.0,0.0,0.0,0.0,0.0,0.0,0.0,0.0,0.0,0.0,0.0,0.0,0.0,0.0,0.0,0.0,0.0,0.0,0.0,22,1,17,3,20,5,17,0,24,1
1.921E14,1.922E14,1.923E14,1.924E14,1.925E14,1.926E14,1.927E14,1.928E14,1.929E14,1.93E14,0.0,0.0,0.0,0.0,0.0,0.0,0.0,0.0,0.0,0.0,0.0,0.0,0.0,0.0,0.0,0.0,0.0,0.0,0.0,0.0,0.0,0.0,0.0,0.0,0.0,0.0,0.0,0.0,0.0,0.0,21,2,18,3,20,4,17,0,24,1
1.921E14,1.922E14,1.923E14,1.924E14,1.925E14,1.926E14,1.927E14,1.928E14,1.929E14,1.93E14,0.0,0.0,0.0,0.0,0.0,0.0,0.0,0.0,0.0,0.0,0.0,0.0,0.0,0.0,0.0,0.0,0.0,0.0,0.0,0.0,0.0,0.0,0.0,0.0,0.0,0.0,0.0,0.0,0.0,0.0,21,2,16,1,16,7,24,0,24,1
1.921E14,1.922E14,1.923E14,1.924E14,1.925E14,1.926E14,1.927E14,1.928E14,1.929E14,1.93E14,0.0,0.0,0.0,0.0,0.0,0.0,0.0,0.0,0.0,0.0,0.0,0.0,0.0,0.0,0.0,0.0,0.0,0.0,0.0,0.0,0.0,0.0,0.0,0.0,0.0,0.0,0.0,0.0,0.0,0.0,18,2,16,1,19,7,24,0,24,1
1.921E14,1.922E14,1.923E14,1.924E14,1.925E14,1.926E14,1.927E14,1.928E14,1.929E14,1.93E14,0.0,0.0,0.0,0.0,0.0,0.0,0.0,0.0,0.0,0.0,0.0,0.0,0.0,0.0,0.0,0.0,0.0,0.0,0.0,0.0,0.0,0.0,0.0,0.0,0.0,0.0,0.0,0.0,0.0,0.0,18,3,16,7,20,1,24,0,24,1
1.921E14,1.922E14,1.923E14,1.924E14,1.925E14,1.926E14,1.927E14,1.928E14,1.929E14,1.93E14,0.0,0.0,0.0,0.0,0.0,0.0,0.0,0.0,0.0,0.0,0.0,0.0,0.0,0.0,0.0,0.0,0.0,0.0,0.0,0.0,0.0,0.0,0.0,0.0,0.0,0.0,0.0,0.0,0.0,0.0,18,3,19,3,20,4,20,0,24,1
1.921E14,1.922E14,1.923E14,1.924E14,1.925E14,1.926E14,1.927E14,1.928E14,1.929E14,1.93E14,0.0,0.0,0.0,0.0,0.0,0.0,0.0,0.0,0.0,0.0,0.0,0.0,0.0,0.0,0.0,0.0,0.0,0.0,0.0,0.0,0.0,0.0,0.0,0.0,0.0,0.0,0.0,0.0,0.0,0.0,15,3,16,7,24,2,24,0,24,1
1.921E14,1.922E14,1.923E14,1.924E14,1.925E14,1.926E14,1.927E14,1.928E14,1.929E14,1.93E14,0.0,0.0,0.0,0.0,0.0,0.0,0.0,0.0,0.0,0.0,0.0,0.0,0.0,0.0,0.0,0.0,0.0,0.0,0.0,0.0,0.0,0.0,0.0,0.0,0.0,0.0,0.0,0.0,0.0,0.0,18,1,16,5,20,5,24,0,24,1
1.921E14,1.922E14,1.923E14,1.924E14,1.925E14,1.926E14,1.927E14,1.928E14,1.929E14,1.93E14,0.0,0.0,0.0,0.0,0.0,0.0,0.0,0.0,0.0,0.0,0.0,0.0,0.0,0.0,0.0,0.0,0.0,0.0,0.0,0.0,0.0,0.0,0.0,0.0,0.0,0.0,0.0,0.0,0.0,0.0,14,6,19,3,22,0,24,3,24,1
1.921E14,1.922E14,1.923E14,1.924E14,1.925E14,1.926E14,1.927E14,1.928E14,1.929E14,1.93E14,0.0,0.0,0.0,0.0,0.0,0.0,0.0,0.0,0.0,0.0,0.0,0.0,0.0,0.0,0.0,0.0,0.0,0.0,0.0,0.0,0.0,0.0,0.0,0.0,0.0,0.0,0.0,0.0,0.0,0.0,15,0,24,3,20,8,19,0,24,1
1.921E14,1.922E14,1.923E14,1.924E14,1.925E14,1.926E14,1.927E14,1.928E14,1.929E14,1.93E14,0.0,0.0,0.0,0.0,0.0,0.0,0.0,0.0,0.0,0.0,0.0,0.0,0.0,0.0,0.0,0.0,0.0,0.0,0.0,0.0,0.0,0.0,0.0,0.0,0.0,0.0,0.0,0.0,0.0,0.0,17,1,15,1,23,10,24,0,24,1
1.921E14,1.922E14,1.923E14,1.924E14,1.925E14,1.926E14,1.927E14,1.928E14,1.929E14,1.93E14,0.0,0.0,0.0,0.0,0.0,0.0,0.0,0.0,0.0,0.0,0.0,0.0,0.0,0.0,0.0,0.0,0.0,0.0,0.0,0.0,0.0,0.0,0.0,0.0,0.0,0.0,0.0,0.0,0.0,0.0,14,5,20,5,22,0,24,3,24,1
1.921E14,1.922E14,1.923E14,1.924E14,1.925E14,1.926E14,1.927E14,1.928E14,1.929E14,1.93E14,0.0,0.0,0.0,0.0,0.0,0.0,0.0,0.0,0.0,0.0,0.0,0.0,0.0,0.0,0.0,0.0,0.0,0.0,0.0,0.0,0.0,0.0,0.0,0.0,0.0,0.0,0.0,0.0,0.0,0.0,18,2,17,4,20,6,24,0,24,1
1.921E14,1.922E14,1.923E14,1.924E14,1.925E14,1.926E14,1.927E14,1.928E14,1.929E14,1.93E14,0.0,0.0,0.0,0.0,0.0,0.0,0.0,0.0,0.0,0.0,0.0,0.0,0.0,0.0,0.0,0.0,0.0,0.0,0.0,0.0,0.0,0.0,0.0,0.0,0.0,0.0,0.0,0.0,0.0,0.0,18,2,17,0,20,10,24,0,24,1
1.921E14,1.922E14,1.923E14,1.924E14,1.925E14,1.926E14,1.927E14,1.928E14,1.929E14,1.93E14,0.0,0.0,0.0,0.0,0.0,0.0,0.0,0.0,0.0,0.0,0.0,0.0,0.0,0.0,0.0,0.0,0.0,0.0,0.0,0.0,0.0,0.0,0.0,0.0,0.0,0.0,0.0,0.0,0.0,0.0,16,5,24,2,20,5,19,0,24,1
1.921E14,1.922E14,1.923E14,1.924E14,1.925E14,1.926E14,1.927E14,1.928E14,1.929E14,1.93E14,1.931E14,1.932E14,1.933E14,1.934E14,1.935E14,0.0,0.0,0.0,0.0,0.0,0.0,0.0,0.0,0.0,0.0,0.0,0.0,0.0,0.0,0.0,0.0,0.0,0.0,0.0,0.0,0.0,0.0,0.0,0.0,0.0,15,2,21,1,20,5,18,0,24,0
1.921E14,1.922E14,1.923E14,1.924E14,1.925E14,1.926E14,1.927E14,1.928E14,1.929E14,1.93E14,1.931E14,1.932E14,1.933E14,1.934E14,1.935E14,0.0,0.0,0.0,0.0,0.0,0.0,0.0,0.0,0.0,0.0,0.0,0.0,0.0,0.0,0.0,0.0,0.0,0.0,0.0,0.0,0.0,0.0,0.0,0.0,0.0,15,4,18,4,20,1,22,0,24,0
1.921E14,1.922E14,1.923E14,1.924E14,1.925E14,1.926E14,1.927E14,1.928E14,1.929E14,1.93E14,1.931E14,1.932E14,1.933E14,1.934E14,1.935E14,0.0,0.0,0.0,0.0,0.0,0.0,0.0,0.0,0.0,0.0,0.0,0.0,0.0,0.0,0.0,0.0,0.0,0.0,0.0,0.0,0.0,0.0,0.0,0.0,0.0,15,5,20,0,20,2,20,2,24,0
1.921E14,1.922E14,1.923E14,1.924E14,1.925E14,1.926E14,1.927E14,1.928E14,1.929E14,1.93E14,1.931E14,1.932E14,1.933E14,1.934E14,1.935E14,0.0,0.0,0.0,0.0,0.0,0.0,0.0,0.0,0.0,0.0,0.0,0.0,0.0,0.0,0.0,0.0,0.0,0.0,0.0,0.0,0.0,0.0,0.0,0.0,0.0,15,2,21,0,20,5,19,2,24,0
1.921E14,1.922E14,1.923E14,1.924E14,1.925E14,1.926E14,1.927E14,1.928E14,1.929E14,1.93E14,1.931E14,1.932E14,1.933E14,1.934E14,1.935E14,0.0,0.0,0.0,0.0,0.0,0.0,0.0,0.0,0.0,0.0,0.0,0.0,0.0,0.0,0.0,0.0,0.0,0.0,0.0,0.0,0.0,0.0,0.0,0.0,0.0,15,5,20,0,20,5,21,0,24,0
1.921E14,1.922E14,1.923E14,1.924E14,1.925E14,1.926E14,1.927E14,1.928E14,1.929E14,1.93E14,1.931E14,1.932E14,1.933E14,1.934E14,1.935E14,0.0,0.0,0.0,0.0,0.0,0.0,0.0,0.0,0.0,0.0,0.0,0.0,0.0,0.0,0.0,0.0,0.0,0.0,0.0,0.0,0.0,0.0,0.0,0.0,0.0,15,6,18,1,22,1,21,2,24,0
1.921E14,1.922E14,1.923E14,1.924E14,1.925E14,1.926E14,1.927E14,1.928E14,1.929E14,1.93E14,1.931E14,1.932E14,1.933E14,1.934E14,1.935E14,0.0,0.0,0.0,0.0,0.0,0.0,0.0,0.0,0.0,0.0,0.0,0.0,0.0,0.0,0.0,0.0,0.0,0.0,0.0,0.0,0.0,0.0,0.0,0.0,0.0,14,5,20,0,20,1,22,4,24,0
1.921E14,1.922E14,1.923E14,1.924E14,1.925E14,1.926E14,1.927E14,1.928E14,1.929E14,1.93E14,1.931E14,1.932E14,1.933E14,1.934E14,1.935E14,0.0,0.0,0.0,0.0,0.0,0.0,0.0,0.0,0.0,0.0,0.0,0.0,0.0,0.0,0.0,0.0,0.0,0.0,0.0,0.0,0.0,0.0,0.0,0.0,0.0,15,5,20,0,20,2,21,3,24,0
1.921E14,1.922E14,1.923E14,1.924E14,1.925E14,1.926E14,1.927E14,1.928E14,1.929E14,1.93E14,1.931E14,1.932E14,1.933E14,1.934E14,1.935E14,0.0,0.0,0.0,0.0,0.0,0.0,0.0,0.0,0.0,0.0,0.0,0.0,0.0,0.0,0.0,0.0,0.0,0.0,0.0,0.0,0.0,0.0,0.0,0.0,0.0,15,5,19,0,22,2,20,3,24,0
1.921E14,1.922E14,1.923E14,1.924E14,1.925E14,1.926E14,1.927E14,1.928E14,1.929E14,1.93E14,1.931E14,1.932E14,1.933E14,1.934E14,1.935E14,0.0,0.0,0.0,0.0,0.0,0.0,0.0,0.0,0.0,0.0,0.0,0.0,0.0,0.0,0.0,0.0,0.0,0.0,0.0,0.0,0.0,0.0,0.0,0.0,0.0,15,6,20,4,20,1,22,0,24,0
1.921E14,1.922E14,1.923E14,1.924E14,1.925E14,1.926E14,1.927E14,1.928E14,1.929E14,1.93E14,1.931E14,1.932E14,1.933E14,1.934E14,1.935E14,0.0,0.0,0.0,0.0,0.0,0.0,0.0,0.0,0.0,0.0,0.0,0.0,0.0,0.0,0.0,0.0,0.0,0.0,0.0,0.0,0.0,0.0,0.0,0.0,0.0,15,2,19,0,22,5,20,3,24,0
1.921E14,1.922E14,1.923E14,1.924E14,1.925E14,1.926E14,1.927E14,1.928E14,1.929E14,1.93E14,1.931E14,1.932E14,1.933E14,1.934E14,1.935E14,0.0,0.0,0.0,0.0,0.0,0.0,0.0,0.0,0.0,0.0,0.0,0.0,0.0,0.0,0.0,0.0,0.0,0.0,0.0,0.0,0.0,0.0,0.0,0.0,0.0,15,2,22,0,20,5,19,3,24,0
1.921E14,1.922E14,1.923E14,1.924E14,1.925E14,1.926E14,1.927E14,1.928E14,1.929E14,1.93E14,1.931E14,1.932E14,1.933E14,1.934E14,1.935E14,0.0,0.0,0.0,0.0,0.0,0.0,0.0,0.0,0.0,0.0,0.0,0.0,0.0,0.0,0.0,0.0,0.0,0.0,0.0,0.0,0.0,0.0,0.0,0.0,0.0,15,6,20,0,20,5,22,0,24,0
1.921E14,1.922E14,1.923E14,1.924E14,1.925E14,1.926E14,1.927E14,1.928E14,1.929E14,1.93E14,1.931E14,1.932E14,1.933E14,1.934E14,1.935E14,0.0,0.0,0.0,0.0,0.0,0.0,0.0,0.0,0.0,0.0,0.0,0.0,0.0,0.0,0.0,0.0,0.0,0.0,0.0,0.0,0.0,0.0,0.0,0.0,0.0,14,6,20,0,23,3,20,2,24,0
1.921E14,1.922E14,1.923E14,1.924E14,1.925E14,1.926E14,1.927E14,1.928E14,1.929E14,1.93E14,1.931E14,1.932E14,1.933E14,1.934E14,1.935E14,0.0,0.0,0.0,0.0,0.0,0.0,0.0,0.0,0.0,0.0,0.0,0.0,0.0,0.0,0.0,0.0,0.0,0.0,0.0,0.0,0.0,0.0,0.0,0.0,0.0,14,5,20,0,23,4,20,2,24,0
1.921E14,1.922E14,1.923E14,1.924E14,1.925E14,1.926E14,1.927E14,1.928E14,1.929E14,1.93E14,1.931E14,1.932E14,1.933E14,1.934E14,1.935E14,0.0,0.0,0.0,0.0,0.0,0.0,0.0,0.0,0.0,0.0,0.0,0.0,0.0,0.0,0.0,0.0,0.0,0.0,0.0,0.0,0.0,0.0,0.0,0.0,0.0,15,6,22,0,20,2,20,3,24,0
1.921E14,1.922E14,1.923E14,1.924E14,1.925E14,1.926E14,1.927E14,1.928E14,1.929E14,1.93E14,1.931E14,1.932E14,1.933E14,1.934E14,1.935E14,0.0,0.0,0.0,0.0,0.0,0.0,0.0,0.0,0.0,0.0,0.0,0.0,0.0,0.0,0.0,0.0,0.0,0.0,0.0,0.0,0.0,0.0,0.0,0.0,0.0,21,6,15,0,20,2,21,3,24,0
1.921E14,1.922E14,1.923E14,1.924E14,1.925E14,1.926E14,1.927E14,1.928E14,1.929E14,1.93E14,1.931E14,1.932E14,1.933E14,1.934E14,1.935E14,0.0,0.0,0.0,0.0,0.0,0.0,0.0,0.0,0.0,0.0,0.0,0.0,0.0,0.0,0.0,0.0,0.0,0.0,0.0,0.0,0.0,0.0,0.0,0.0,0.0,15,5,19,0,23,4,20,2,24,0
1.921E14,1.922E14,1.923E14,1.924E14,1.925E14,1.926E14,1.927E14,1.928E14,1.929E14,1.93E14,1.931E14,1.932E14,1.933E14,1.934E14,1.935E14,0.0,0.0,0.0,0.0,0.0,0.0,0.0,0.0,0.0,0.0,0.0,0.0,0.0,0.0,0.0,0.0,0.0,0.0,0.0,0.0,0.0,0.0,0.0,0.0,0.0,22,6,14,0,20,2,21,3,24,0
1.921E14,1.922E14,1.923E14,1.924E14,1.925E14,1.926E14,1.927E14,1.928E14,1.929E14,1.93E14,1.931E14,1.932E14,1.933E14,1.934E14,1.935E14,0.0,0.0,0.0,0.0,0.0,0.0,0.0,0.0,0.0,0.0,0.0,0.0,0.0,0.0,0.0,0.0,0.0,0.0,0.0,0.0,0.0,0.0,0.0,0.0,0.0,22,5,14,0,20,2,21,4,24,0
1.921E14,1.922E14,1.923E14,1.924E14,1.925E14,1.926E14,1.927E14,1.928E14,1.929E14,1.93E14,1.931E14,1.932E14,1.933E14,1.934E14,1.935E14,0.0,0.0,0.0,0.0,0.0,0.0,0.0,0.0,0.0,0.0,0.0,0.0,0.0,0.0,0.0,0.0,0.0,0.0,0.0,0.0,0.0,0.0,0.0,0.0,0.0,18,7,18,0,20,1,21,3,24,0
1.921E14,1.922E14,1.923E14,1.924E14,1.925E14,1.926E14,1.927E14,1.928E14,1.929E14,1.93E14,1.931E14,1.932E14,1.933E14,1.934E14,1.935E14,0.0,0.0,0.0,0.0,0.0,0.0,0.0,0.0,0.0,0.0,0.0,0.0,0.0,0.0,0.0,0.0,0.0,0.0,0.0,0.0,0.0,0.0,0.0,0.0,0.0,18,5,18,0,20,2,21,4,24,0
1.921E14,1.922E14,1.923E14,1.924E14,1.925E14,1.926E14,1.927E14,1.928E14,1.929E14,1.93E14,1.931E14,1.932E14,1.933E14,1.934E14,1.935E14,0.0,0.0,0.0,0.0,0.0,0.0,0.0,0.0,0.0,0.0,0.0,0.0,0.0,0.0,0.0,0.0,0.0,0.0,0.0,0.0,0.0,0.0,0.0,0.0,0.0,15,7,22,0,20,2,21,3,24,0
1.921E14,1.922E14,1.923E14,1.924E14,1.925E14,1.926E14,1.927E14,1.928E14,1.929E14,1.93E14,1.931E14,1.932E14,1.933E14,1.934E14,1.935E14,0.0,0.0,0.0,0.0,0.0,0.0,0.0,0.0,0.0,0.0,0.0,0.0,0.0,0.0,0.0,0.0,0.0,0.0,0.0,0.0,0.0,0.0,0.0,0.0,0.0,15,6,20,0,23,3,20,3,24,0
1.921E14,1.922E14,1.923E14,1.924E14,1.925E14,1.926E14,1.927E14,1.928E14,1.929E14,1.93E14,1.931E14,1.932E14,1.933E14,1.934E14,1.935E14,0.0,0.0,0.0,0.0,0.0,0.0,0.0,0.0,0.0,0.0,0.0,0.0,0.0,0.0,0.0,0.0,0.0,0.0,0.0,0.0,0.0,0.0,0.0,0.0,0.0,15,4,16,6,24,1,24,2,24,0
1.921E14,1.922E14,1.923E14,1.924E14,1.925E14,1.926E14,1.927E14,1.928E14,1.929E14,1.93E14,1.931E14,1.932E14,1.933E14,1.934E14,1.935E14,0.0,0.0,0.0,0.0,0.0,0.0,0.0,0.0,0.0,0.0,0.0,0.0,0.0,0.0,0.0,0.0,0.0,0.0,0.0,0.0,0.0,0.0,0.0,0.0,0.0,15,5,20,7,23,1,21,0,24,0
1.921E14,1.922E14,1.923E14,1.924E14,1.925E14,1.926E14,1.927E14,1.928E14,1.929E14,1.93E14,1.931E14,1.932E14,1.933E14,1.934E14,1.935E14,0.0,0.0,0.0,0.0,0.0,0.0,0.0,0.0,0.0,0.0,0.0,0.0,0.0,0.0,0.0,0.0,0.0,0.0,0.0,0.0,0.0,0.0,0.0,0.0,0.0,15,5,20,6,23,2,21,0,24,0
1.921E14,1.922E14,1.923E14,1.924E14,1.925E14,1.926E14,1.927E14,1.928E14,1.929E14,1.93E14,1.931E14,1.932E14,1.933E14,1.934E14,1.935E14,0.0,0.0,0.0,0.0,0.0,0.0,0.0,0.0,0.0,0.0,0.0,0.0,0.0,0.0,0.0,0.0,0.0,0.0,0.0,0.0,0.0,0.0,0.0,0.0,0.0,15,6,20,4,23,2,21,1,24,0
1.921E14,1.922E14,1.923E14,1.924E14,1.925E14,1.926E14,1.927E14,1.928E14,1.929E14,1.93E14,1.931E14,1.932E14,1.933E14,1.934E14,1.935E14,0.0,0.0,0.0,0.0,0.0,0.0,0.0,0.0,0.0,0.0,0.0,0.0,0.0,0.0,0.0,0.0,0.0,0.0,0.0,0.0,0.0,0.0,0.0,0.0,0.0,15,6,20,3,23,2,21,2,24,0
1.921E14,1.922E14,1.923E14,1.924E14,1.925E14,1.926E14,1.927E14,1.928E14,1.929E14,1.93E14,1.931E14,1.932E14,1.933E14,1.934E14,1.935E14,0.0,0.0,0.0,0.0,0.0,0.0,0.0,0.0,0.0,0.0,0.0,0.0,0.0,0.0,0.0,0.0,0.0,0.0,0.0,0.0,0.0,0.0,0.0,0.0,0.0,15,5,21,3,23,2,20,3,24,0
1.921E14,1.922E14,1.923E14,1.924E14,1.925E14,1.926E14,1.927E14,1.928E14,1.929E14,1.93E14,1.931E14,1.932E14,1.933E14,1.934E14,1.935E14,1.936E14,1.937E14,1.938E14,1.939E14,1.94E14,0.0,0.0,0.0,0.0,0.0,0.0,0.0,0.0,0.0,0.0,0.0,0.0,0.0,0.0,0.0,0.0,0.0,0.0,0.0,0.0,20,0,16,5,19,2,19,1,24,0
1.921E14,1.922E14,1.923E14,1.924E14,1.925E14,1.926E14,1.927E14,1.928E14,1.929E14,1.93E14,1.931E14,1.932E14,1.933E14,1.934E14,1.935E14,1.936E14,1.937E14,1.938E14,1.939E14,1.94E14,0.0,0.0,0.0,0.0,0.0,0.0,0.0,0.0,0.0,0.0,0.0,0.0,0.0,0.0,0.0,0.0,0.0,0.0,0.0,0.0,15,0,22,5,19,3,19,1,24,0
1.921E14,1.922E14,1.923E14,1.924E14,1.925E14,1.926E14,1.927E14,1.928E14,1.929E14,1.93E14,1.931E14,1.932E14,1.933E14,1.934E14,1.935E14,1.936E14,1.937E14,1.938E14,1.939E14,1.94E14,0.0,0.0,0.0,0.0,0.0,0.0,0.0,0.0,0.0,0.0,0.0,0.0,0.0,0.0,0.0,0.0,0.0,0.0,0.0,0.0,20,1,16,5,20,2,19,1,24,0
1.921E14,1.922E14,1.923E14,1.924E14,1.925E14,1.926E14,1.927E14,1.928E14,1.929E14,1.93E14,1.931E14,1.932E14,1.933E14,1.934E14,1.935E14,1.936E14,1.937E14,1.938E14,1.939E14,1.94E14,0.0,0.0,0.0,0.0,0.0,0.0,0.0,0.0,0.0,0.0,0.0,0.0,0.0,0.0,0.0,0.0,0.0,0.0,0.0,0.0,21,1,19,5,16,2,19,1,24,0
1.921E14,1.922E14,1.923E14,1.924E14,1.925E14,1.926E14,1.927E14,1.928E14,1.929E14,1.93E14,1.931E14,1.932E14,1.933E14,1.934E14,1.935E14,1.936E14,1.937E14,1.938E14,1.939E14,1.94E14,0.0,0.0,0.0,0.0,0.0,0.0,0.0,0.0,0.0,0.0,0.0,0.0,0.0,0.0,0.0,0.0,0.0,0.0,0.0,0.0,22,1,19,5,16,2,18,1,24,0
1.921E14,1.922E14,1.923E14,1.924E14,1.925E14,1.926E14,1.927E14,1.928E14,1.929E14,1.93E14,1.931E14,1.932E14,1.933E14,1.934E14,1.935E14,1.936E14,1.937E14,1.938E14,1.939E14,1.94E14,0.0,0.0,0.0,0.0,0.0,0.0,0.0,0.0,0.0,0.0,0.0,0.0,0.0,0.0,0.0,0.0,0.0,0.0,0.0,0.0,18,1,19,5,15,3,24,1,24,0
1.921E14,1.922E14,1.923E14,1.924E14,1.925E14,1.926E14,1.927E14,1.928E14,1.929E14,1.93E14,1.931E14,1.932E14,1.933E14,1.934E14,1.935E14,1.936E14,1.937E14,1.938E14,1.939E14,1.94E14,0.0,0.0,0.0,0.0,0.0,0.0,0.0,0.0,0.0,0.0,0.0,0.0,0.0,0.0,0.0,0.0,0.0,0.0,0.0,0.0,15,2,22,5,17,1,22,2,24,0
1.921E14,1.922E14,1.923E14,1.924E14,1.925E14,1.926E14,1.927E14,1.928E14,1.929E14,1.93E14,1.931E14,1.932E14,1.933E14,1.934E14,1.935E14,1.936E14,1.937E14,1.938E14,1.939E14,1.94E14,0.0,0.0,0.0,0.0,0.0,0.0,0.0,0.0,0.0,0.0,0.0,0.0,0.0,0.0,0.0,0.0,0.0,0.0,0.0,0.0,15,1,22,5,18,2,21,2,24,0
1.921E14,1.922E14,1.923E14,1.924E14,1.925E14,1.926E14,1.927E14,1.928E14,1.929E14,1.93E14,1.931E14,1.932E14,1.933E14,1.934E14,1.935E14,1.936E14,1.937E14,1.938E14,1.939E14,1.94E14,0.0,0.0,0.0,0.0,0.0,0.0,0.0,0.0,0.0,0.0,0.0,0.0,0.0,0.0,0.0,0.0,0.0,0.0,0.0,0.0,15,1,22,5,19,2,20,2,24,0
1.921E14,1.922E14,1.923E14,1.924E14,1.925E14,1.926E14,1.927E14,1.928E14,1.929E14,1.93E14,1.931E14,1.932E14,1.933E14,1.934E14,1.935E14,1.936E14,1.937E14,1.938E14,1.939E14,1.94E14,0.0,0.0,0.0,0.0,0.0,0.0,0.0,0.0,0.0,0.0,0.0,0.0,0.0,0.0,0.0,0.0,0.0,0.0,0.0,0.0,19,1,16,5,23,2,18,2,24,0
1.921E14,1.922E14,1.923E14,1.924E14,1.925E14,1.926E14,1.927E14,1.928E14,1.929E14,1.93E14,1.931E14,1.932E14,1.933E14,1.934E14,1.935E14,1.936E14,1.937E14,1.938E14,1.939E14,1.94E14,0.0,0.0,0.0,0.0,0.0,0.0,0.0,0.0,0.0,0.0,0.0,0.0,0.0,0.0,0.0,0.0,0.0,0.0,0.0,0.0,21,1,16,5,20,3,19,1,24,0
1.921E14,1.922E14,1.923E14,1.924E14,1.925E14,1.926E14,1.927E14,1.928E14,1.929E14,1.93E14,1.931E14,1.932E14,1.933E14,1.934E14,1.935E14,1.936E14,1.937E14,1.938E14,1.939E14,1.94E14,0.0,0.0,0.0,0.0,0.0,0.0,0.0,0.0,0.0,0.0,0.0,0.0,0.0,0.0,0.0,0.0,0.0,0.0,0.0,0.0,23,1,19,5,16,2,18,2,24,0
1.921E14,1.922E14,1.923E14,1.924E14,1.925E14,1.926E14,1.927E14,1.928E14,1.929E14,1.93E14,1.931E14,1.932E14,1.933E14,1.934E14,1.935E14,1.936E14,1.937E14,1.938E14,1.939E14,1.94E14,0.0,0.0,0.0,0.0,0.0,0.0,0.0,0.0,0.0,0.0,0.0,0.0,0.0,0.0,0.0,0.0,0.0,0.0,0.0,0.0,22,1,18,6,17,2,19,1,24,0
1.921E14,1.922E14,1.923E14,1.924E14,1.925E14,1.926E14,1.927E14,1.928E14,1.929E14,1.93E14,1.931E14,1.932E14,1.933E14,1.934E14,1.935E14,1.936E14,1.937E14,1.938E14,1.939E14,1.94E14,0.0,0.0,0.0,0.0,0.0,0.0,0.0,0.0,0.0,0.0,0.0,0.0,0.0,0.0,0.0,0.0,0.0,0.0,0.0,0.0,15,2,23,6,24,2,15,1,24,0
1.921E14,1.922E14,1.923E14,1.924E14,1.925E14,1.926E14,1.927E14,1.928E14,1.929E14,1.93E14,1.931E14,1.932E14,1.933E14,1.934E14,1.935E14,1.936E14,1.937E14,1.938E14,1.939E14,1.94E14,0.0,0.0,0.0,0.0,0.0,0.0,0.0,0.0,0.0,0.0,0.0,0.0,0.0,0.0,0.0,0.0,0.0,0.0,0.0,0.0,15,1,23,6,24,2,15,2,24,0
1.921E14,1.922E14,1.923E14,1.924E14,1.925E14,1.926E14,1.927E14,1.928E14,1.929E14,1.93E14,1.931E14,1.932E14,1.933E14,1.934E14,1.935E14,1.936E14,1.937E14,1.938E14,1.939E14,1.94E14,0.0,0.0,0.0,0.0,0.0,0.0,0.0,0.0,0.0,0.0,0.0,0.0,0.0,0.0,0.0,0.0,0.0,0.0,0.0,0.0,23,1,15,6,24,2,15,2,24,0
1.921E14,1.922E14,1.923E14,1.924E14,1.925E14,1.926E14,1.927E14,1.928E14,1.929E14,1.93E14,1.931E14,1.932E14,1.933E14,1.934E14,1.935E14,1.936E14,1.937E14,1.938E14,1.939E14,1.94E14,0.0,0.0,0.0,0.0,0.0,0.0,0.0,0.0,0.0,0.0,0.0,0.0,0.0,0.0,0.0,0.0,0.0,0.0,0.0,0.0,20,2,15,5,24,2,18,2,24,0
1.921E14,1.922E14,1.923E14,1.924E14,1.925E14,1.926E14,1.927E14,1.928E14,1.929E14,1.93E14,1.931E14,1.932E14,1.933E14,1.934E14,1.935E14,1.936E14,1.937E14,1.938E14,1.939E14,1.94E14,0.0,0.0,0.0,0.0,0.0,0.0,0.0,0.0,0.0,0.0,0.0,0.0,0.0,0.0,0.0,0.0,0.0,0.0,0.0,0.0,19,1,16,6,19,2,23,2,24,0
1.921E14,1.922E14,1.923E14,1.924E14,1.925E14,1.926E14,1.927E14,1.928E14,1.929E14,1.93E14,1.931E14,1.932E14,1.933E14,1.934E14,1.935E14,1.936E14,1.937E14,1.938E14,1.939E14,1.94E14,0.0,0.0,0.0,0.0,0.0,0.0,0.0,0.0,0.0,0.0,0.0,0.0,0.0,0.0,0.0,0.0,0.0,0.0,0.0,0.0,19,1,16,6,24,2,18,2,24,0
1.921E14,1.922E14,1.923E14,1.924E14,1.925E14,1.926E14,1.927E14,1.928E14,1.929E14,1.93E14,1.931E14,1.932E14,1.933E14,1.934E14,1.935E14,1.936E14,1.937E14,1.938E14,1.939E14,1.94E14,0.0,0.0,0.0,0.0,0.0,0.0,0.0,0.0,0.0,0.0,0.0,0.0,0.0,0.0,0.0,0.0,0.0,0.0,0.0,0.0,23,1,18,6,16,2,20,2,24,0
1.921E14,1.922E14,1.923E14,1.924E14,1.925E14,1.926E14,1.927E14,1.928E14,1.929E14,1.93E14,1.931E14,1.932E14,1.933E14,1.934E14,1.935E14,1.936E14,1.937E14,1.938E14,1.939E14,1.94E14,0.0,0.0,0.0,0.0,0.0,0.0,0.0,0.0,0.0,0.0,0.0,0.0,0.0,0.0,0.0,0.0,0.0,0.0,0.0,0.0,22,1,19,6,16,2,20,2,24,0
1.921E14,1.922E14,1.923E14,1.924E14,1.925E14,1.926E14,1.927E14,1.928E14,1.929E14,1.93E14,1.931E14,1.932E14,1.933E14,1.934E14,1.935E14,1.936E14,1.937E14,1.938E14,1.939E14,1.94E14,0.0,0.0,0.0,0.0,0.0,0.0,0.0,0.0,0.0,0.0,0.0,0.0,0.0,0.0,0.0,0.0,0.0,0.0,0.0,0.0,23,1,19,5,17,3,18,2,24,0
1.921E14,1.922E14,1.923E14,1.924E14,1.925E14,1.926E14,1.927E14,1.928E14,1.929E14,1.93E14,1.931E14,1.932E14,1.933E14,1.934E14,1.935E14,1.936E14,1.937E14,1.938E14,1.939E14,1.94E14,0.0,0.0,0.0,0.0,0.0,0.0,0.0,0.0,0.0,0.0,0.0,0.0,0.0,0.0,0.0,0.0,0.0,0.0,0.0,0.0,21,2,19,6,19,2,18,1,24,0
1.921E14,1.922E14,1.923E14,1.924E14,1.925E14,1.926E14,1.927E14,1.928E14,1.929E14,1.93E14,1.931E14,1.932E14,1.933E14,1.934E14,1.935E14,1.936E14,1.937E14,1.938E14,1.939E14,1.94E14,0.0,0.0,0.0,0.0,0.0,0.0,0.0,0.0,0.0,0.0,0.0,0.0,0.0,0.0,0.0,0.0,0.0,0.0,0.0,0.0,15,0,22,6,17,5,24,1,24,0
1.921E14,1.922E14,1.923E14,1.924E14,1.925E14,1.926E14,1.927E14,1.928E14,1.929E14,1.93E14,1.931E14,1.932E14,1.933E14,1.934E14,1.935E14,1.936E14,1.937E14,1.938E14,1.939E14,1.94E14,0.0,0.0,0.0,0.0,0.0,0.0,0.0,0.0,0.0,0.0,0.0,0.0,0.0,0.0,0.0,0.0,0.0,0.0,0.0,0.0,20,3,15,5,24,2,19,2,24,0
1.921E14,1.922E14,1.923E14,1.924E14,1.925E14,1.926E14,1.927E14,1.928E14,1.929E14,1.93E14,1.931E14,1.932E14,1.933E14,1.934E14,1.935E14,1.936E14,1.937E14,1.938E14,1.939E14,1.94E14,0.0,0.0,0.0,0.0,0.0,0.0,0.0,0.0,0.0,0.0,0.0,0.0,0.0,0.0,0.0,0.0,0.0,0.0,0.0,0.0,15,1,22,6,19,3,22,2,24,0
1.921E14,1.922E14,1.923E14,1.924E14,1.925E14,1.926E14,1.927E14,1.928E14,1.929E14,1.93E14,1.931E14,1.932E14,1.933E14,1.934E14,1.935E14,1.936E14,1.937E14,1.938E14,1.939E14,1.94E14,0.0,0.0,0.0,0.0,0.0,0.0,0.0,0.0,0.0,0.0,0.0,0.0,0.0,0.0,0.0,0.0,0.0,0.0,0.0,0.0,18,2,18,6,19,2,23,2,24,0
1.921E14,1.922E14,1.923E14,1.924E14,1.925E14,1.926E14,1.927E14,1.928E14,1.929E14,1.93E14,1.931E14,1.932E14,1.933E14,1.934E14,1.935E14,1.936E14,1.937E14,1.938E14,1.939E14,1.94E14,0.0,0.0,0.0,0.0,0.0,0.0,0.0,0.0,0.0,0.0,0.0,0.0,0.0,0.0,0.0,0.0,0.0,0.0,0.0,0.0,20,1,19,6,17,3,22,2,24,0
1.921E14,1.922E14,1.923E14,1.924E14,1.925E14,1.926E14,1.927E14,1.928E14,1.929E14,1.93E14,1.931E14,1.932E14,1.933E14,1.934E14,1.935E14,1.936E14,1.937E14,1.938E14,1.939E14,1.94E14,0.0,0.0,0.0,0.0,0.0,0.0,0.0,0.0,0.0,0.0,0.0,0.0,0.0,0.0,0.0,0.0,0.0,0.0,0.0,0.0,24,3,18,5,17,3,19,1,24,0
1.921E14,1.922E14,1.923E14,1.924E14,1.925E14,1.926E14,1.927E14,1.928E14,1.929E14,1.93E14,1.931E14,1.932E14,1.933E14,1.934E14,1.935E14,1.936E14,1.937E14,1.938E14,1.939E14,1.94E14,0.0,0.0,0.0,0.0,0.0,0.0,0.0,0.0,0.0,0.0,0.0,0.0,0.0,0.0,0.0,0.0,0.0,0.0,0.0,0.0,21,2,19,5,19,3,19,2,24,0
1.921E14,1.922E14,1.923E14,1.924E14,1.925E14,1.926E14,1.927E14,1.928E14,1.929E14,1.93E14,1.931E14,1.932E14,1.933E14,1.934E14,1.935E14,1.936E14,1.937E14,1.938E14,1.939E14,1.94E14,1.941E14,1.942E14,1.943E14,1.944E14,1.945E14,1.946E14,1.947E14,1.948E14,1.949E14,1.95E14,0.0,0.0,0.0,0.0,0.0,0.0,0.0,0.0,0.0,0.0,17,4,20,3,15,2,23,0,24,0
1.921E14,1.922E14,1.923E14,1.924E14,1.925E14,1.926E14,1.927E14,1.928E14,1.929E14,1.93E14,1.931E14,1.932E14,1.933E14,1.934E14,1.935E14,1.936E14,1.937E14,1.938E14,1.939E14,1.94E14,1.941E14,1.942E14,1.943E14,1.944E14,1.945E14,1.946E14,1.947E14,1.948E14,1.949E14,1.95E14,0.0,0.0,0.0,0.0,0.0,0.0,0.0,0.0,0.0,0.0,18,6,15,3,23,0,19,0,24,0
1.921E14,1.922E14,1.923E14,1.924E14,1.925E14,1.926E14,1.927E14,1.928E14,1.929E14,1.93E14,1.931E14,1.932E14,1.933E14,1.934E14,1.935E14,1.936E14,1.937E14,1.938E14,1.939E14,1.94E14,1.941E14,1.942E14,1.943E14,1.944E14,1.945E14,1.946E14,1.947E14,1.948E14,1.949E14,1.95E14,0.0,0.0,0.0,0.0,0.0,0.0,0.0,0.0,0.0,0.0,18,4,14,3,23,2,20,0,24,0
1.921E14,1.922E14,1.923E14,1.924E14,1.925E14,1.926E14,1.927E14,1.928E14,1.929E14,1.93E14,1.931E14,1.932E14,1.933E14,1.934E14,1.935E14,1.936E14,1.937E14,1.938E14,1.939E14,1.94E14,1.941E14,1.942E14,1.943E14,1.944E14,1.945E14,1.946E14,1.947E14,1.948E14,1.949E14,1.95E14,0.0,0.0,0.0,0.0,0.0,0.0,0.0,0.0,0.0,0.0,18,5,15,3,23,1,19,0,24,0
1.921E14,1.922E14,1.923E14,1.924E14,1.925E14,1.926E14,1.927E14,1.928E14,1.929E14,1.93E14,1.931E14,1.932E14,1.933E14,1.934E14,1.935E14,1.936E14,1.937E14,1.938E14,1.939E14,1.94E14,1.941E14,1.942E14,1.943E14,1.944E14,1.945E14,1.946E14,1.947E14,1.948E14,1.949E14,1.95E14,0.0,0.0,0.0,0.0,0.0,0.0,0.0,0.0,0.0,0.0,20,4,14,3,20,2,21,0,24,0
1.921E14,1.922E14,1.923E14,1.924E14,1.925E14,1.926E14,1.927E14,1.928E14,1.929E14,1.93E14,1.931E14,1.932E14,1.933E14,1.934E14,1.935E14,1.936E14,1.937E14,1.938E14,1.939E14,1.94E14,1.941E14,1.942E14,1.943E14,1.944E14,1.945E14,1.946E14,1.947E14,1.948E14,1.949E14,1.95E14,0.0,0.0,0.0,0.0,0.0,0.0,0.0,0.0,0.0,0.0,18,4,15,2,23,2,19,1,24,0
1.921E14,1.922E14,1.923E14,1.924E14,1.925E14,1.926E14,1.927E14,1.928E14,1.929E14,1.93E14,1.931E14,1.932E14,1.933E14,1.934E14,1.935E14,1.936E14,1.937E14,1.938E14,1.939E14,1.94E14,1.941E14,1.942E14,1.943E14,1.944E14,1.945E14,1.946E14,1.947E14,1.948E14,1.949E14,1.95E14,0.0,0.0,0.0,0.0,0.0,0.0,0.0,0.0,0.0,0.0,21,4,14,3,20,2,20,0,24,0
1.921E14,1.922E14,1.923E14,1.924E14,1.925E14,1.926E14,1.927E14,1.928E14,1.929E14,1.93E14,1.931E14,1.932E14,1.933E14,1.934E14,1.935E14,1.936E14,1.937E14,1.938E14,1.939E14,1.94E14,1.941E14,1.942E14,1.943E14,1.944E14,1.945E14,1.946E14,1.947E14,1.948E14,1.949E14,1.95E14,0.0,0.0,0.0,0.0,0.0,0.0,0.0,0.0,0.0,0.0,24,4,15,3,20,2,16,0,24,0
1.921E14,1.922E14,1.923E14,1.924E14,1.925E14,1.926E14,1.927E14,1.928E14,1.929E14,1.93E14,1.931E14,1.932E14,1.933E14,1.934E14,1.935E14,1.936E14,1.937E14,1.938E14,1.939E14,1.94E14,1.941E14,1.942E14,1.943E14,1.944E14,1.945E14,1.946E14,1.947E14,1.948E14,1.949E14,1.95E14,0.0,0.0,0.0,0.0,0.0,0.0,0.0,0.0,0.0,0.0,19,4,21,3,20,2,15,0,24,0
1.921E14,1.922E14,1.923E14,1.924E14,1.925E14,1.926E14,1.927E14,1.928E14,1.929E14,1.93E14,1.931E14,1.932E14,1.933E14,1.934E14,1.935E14,1.936E14,1.937E14,1.938E14,1.939E14,1.94E14,1.941E14,1.942E14,1.943E14,1.944E14,1.945E14,1.946E14,1.947E14,1.948E14,1.949E14,1.95E14,0.0,0.0,0.0,0.0,0.0,0.0,0.0,0.0,0.0,0.0,17,4,19,3,20,2,19,0,24,0
1.921E14,1.922E14,1.923E14,1.924E14,1.925E14,1.926E14,1.927E14,1.928E14,1.929E14,1.93E14,1.931E14,1.932E14,1.933E14,1.934E14,1.935E14,1.936E14,1.937E14,1.938E14,1.939E14,1.94E14,1.941E14,1.942E14,1.943E14,1.944E14,1.945E14,1.946E14,1.947E14,1.948E14,1.949E14,1.95E14,0.0,0.0,0.0,0.0,0.0,0.0,0.0,0.0,0.0,0.0,19,4,20,3,20,2,16,0,24,0
1.921E14,1.922E14,1.923E14,1.924E14,1.925E14,1.926E14,1.927E14,1.928E14,1.929E14,1.93E14,1.931E14,1.932E14,1.933E14,1.934E14,1.935E14,1.936E14,1.937E14,1.938E14,1.939E14,1.94E14,1.941E14,1.942E14,1.943E14,1.944E14,1.945E14,1.946E14,1.947E14,1.948E14,1.949E14,1.95E14,0.0,0.0,0.0,0.0,0.0,0.0,0.0,0.0,0.0,0.0,19,7,14,3,22,0,21,0,24,0
1.921E14,1.922E14,1.923E14,1.924E14,1.925E14,1.926E14,1.927E14,1.928E14,1.929E14,1.93E14,1.931E14,1.932E14,1.933E14,1.934E14,1.935E14,1.936E14,1.937E14,1.938E14,1.939E14,1.94E14,1.941E14,1.942E14,1.943E14,1.944E14,1.945E14,1.946E14,1.947E14,1.948E14,1.949E14,1.95E14,0.0,0.0,0.0,0.0,0.0,0.0,0.0,0.0,0.0,0.0,18,6,15,3,23,1,20,0,24,0
1.921E14,1.922E14,1.923E14,1.924E14,1.925E14,1.926E14,1.927E14,1.928E14,1.929E14,1.93E14,1.931E14,1.932E14,1.933E14,1.934E14,1.935E14,1.936E14,1.937E14,1.938E14,1.939E14,1.94E14,1.941E14,1.942E14,1.943E14,1.944E14,1.945E14,1.946E14,1.947E14,1.948E14,1.949E14,1.95E14,0.0,0.0,0.0,0.0,0.0,0.0,0.0,0.0,0.0,0.0,17,5,21,3,14,2,24,0,24,0
1.921E14,1.922E14,1.923E14,1.924E14,1.925E14,1.926E14,1.927E14,1.928E14,1.929E14,1.93E14,1.931E14,1.932E14,1.933E14,1.934E14,1.935E14,1.936E14,1.937E14,1.938E14,1.939E14,1.94E14,1.941E14,1.942E14,1.943E14,1.944E14,1.945E14,1.946E14,1.947E14,1.948E14,1.949E14,1.95E14,0.0,0.0,0.0,0.0,0.0,0.0,0.0,0.0,0.0,0.0,19,6,14,3,23,1,20,0,24,0
1.921E14,1.922E14,1.923E14,1.924E14,1.925E14,1.926E14,1.927E14,1.928E14,1.929E14,1.93E14,1.931E14,1.932E14,1.933E14,1.934E14,1.935E14,1.936E14,1.937E14,1.938E14,1.939E14,1.94E14,1.941E14,1.942E14,1.943E14,1.944E14,1.945E14,1.946E14,1.947E14,1.948E14,1.949E14,1.95E14,0.0,0.0,0.0,0.0,0.0,0.0,0.0,0.0,0.0,0.0,18,4,15,3,23,2,20,1,24,0
1.921E14,1.922E14,1.923E14,1.924E14,1.925E14,1.926E14,1.927E14,1.928E14,1.929E14,1.93E14,1.931E14,1.932E14,1.933E14,1.934E14,1.935E14,1.936E14,1.937E14,1.938E14,1.939E14,1.94E14,1.941E14,1.942E14,1.943E14,1.944E14,1.945E14,1.946E14,1.947E14,1.948E14,1.949E14,1.95E14,0.0,0.0,0.0,0.0,0.0,0.0,0.0,0.0,0.0,0.0,19,4,15,4,22,2,20,0,24,0
1.921E14,1.922E14,1.923E14,1.924E14,1.925E14,1.926E14,1.927E14,1.928E14,1.929E14,1.93E14,1.931E14,1.932E14,1.933E14,1.934E14,1.935E14,1.936E14,1.937E14,1.938E14,1.939E14,1.94E14,1.941E14,1.942E14,1.943E14,1.944E14,1.945E14,1.946E14,1.947E14,1.948E14,1.949E14,1.95E14,0.0,0.0,0.0,0.0,0.0,0.0,0.0,0.0,0.0,0.0,19,4,15,4,23,2,19,0,24,0
1.921E14,1.922E14,1.923E14,1.924E14,1.925E14,1.926E14,1.927E14,1.928E14,1.929E14,1.93E14,1.931E14,1.932E14,1.933E14,1.934E14,1.935E14,1.936E14,1.937E14,1.938E14,1.939E14,1.94E14,1.941E14,1.942E14,1.943E14,1.944E14,1.945E14,1.946E14,1.947E14,1.948E14,1.949E14,1.95E14,0.0,0.0,0.0,0.0,0.0,0.0,0.0,0.0,0.0,0.0,24,5,14,3,18,2,20,0,24,0
1.921E14,1.922E14,1.923E14,1.924E14,1.925E14,1.926E14,1.927E14,1.928E14,1.929E14,1.93E14,1.931E14,1.932E14,1.933E14,1.934E14,1.935E14,1.936E14,1.937E14,1.938E14,1.939E14,1.94E14,1.941E14,1.942E14,1.943E14,1.944E14,1.945E14,1.946E14,1.947E14,1.948E14,1.949E14,1.95E14,0.0,0.0,0.0,0.0,0.0,0.0,0.0,0.0,0.0,0.0,24,4,14,3,19,2,19,1,24,0
1.921E14,1.922E14,1.923E14,1.924E14,1.925E14,1.926E14,1.927E14,1.928E14,1.929E14,1.93E14,1.931E14,1.932E14,1.933E14,1.934E14,1.935E14,1.936E14,1.937E14,1.938E14,1.939E14,1.94E14,1.941E14,1.942E14,1.943E14,1.944E14,1.945E14,1.946E14,1.947E14,1.948E14,1.949E14,1.95E14,0.0,0.0,0.0,0.0,0.0,0.0,0.0,0.0,0.0,0.0,16,5,21,3,20,2,19,0,24,0
1.921E14,1.922E14,1.923E14,1.924E14,1.925E14,1.926E14,1.927E14,1.928E14,1.929E14,1.93E14,1.931E14,1.932E14,1.933E14,1.934E14,1.935E14,1.936E14,1.937E14,1.938E14,1.939E14,1.94E14,1.941E14,1.942E14,1.943E14,1.944E14,1.945E14,1.946E14,1.947E14,1.948E14,1.949E14,1.95E14,0.0,0.0,0.0,0.0,0.0,0.0,0.0,0.0,0.0,0.0,24,4,17,3,19,2,16,1,24,0
1.921E14,1.922E14,1.923E14,1.924E14,1.925E14,1.926E14,1.927E14,1.928E14,1.929E14,1.93E14,1.931E14,1.932E14,1.933E14,1.934E14,1.935E14,1.936E14,1.937E14,1.938E14,1.939E14,1.94E14,1.941E14,1.942E14,1.943E14,1.944E14,1.945E14,1.946E14,1.947E14,1.948E14,1.949E14,1.95E14,0.0,0.0,0.0,0.0,0.0,0.0,0.0,0.0,0.0,0.0,19,7,14,2,20,2,24,0,24,0
1.921E14,1.922E14,1.923E14,1.924E14,1.925E14,1.926E14,1.927E14,1.928E14,1.929E14,1.93E14,1.931E14,1.932E14,1.933E14,1.934E14,1.935E14,1.936E14,1.937E14,1.938E14,1.939E14,1.94E14,1.941E14,1.942E14,1.943E14,1.944E14,1.945E14,1.946E14,1.947E14,1.948E14,1.949E14,1.95E14,0.0,0.0,0.0,0.0,0.0,0.0,0.0,0.0,0.0,0.0,17,5,21,3,15,2,24,1,24,0
1.921E14,1.922E14,1.923E14,1.924E14,1.925E14,1.926E14,1.927E14,1.928E14,1.929E14,1.93E14,1.931E14,1.932E14,1.933E14,1.934E14,1.935E14,1.936E14,1.937E14,1.938E14,1.939E14,1.94E14,1.941E14,1.942E14,1.943E14,1.944E14,1.945E14,1.946E14,1.947E14,1.948E14,1.949E14,1.95E14,0.0,0.0,0.0,0.0,0.0,0.0,0.0,0.0,0.0,0.0,20,4,14,4,22,3,21,0,24,0
1.921E14,1.922E14,1.923E14,1.924E14,1.925E14,1.926E14,1.927E14,1.928E14,1.929E14,1.93E14,1.931E14,1.932E14,1.933E14,1.934E14,1.935E14,1.936E14,1.937E14,1.938E14,1.939E14,1.94E14,1.941E14,1.942E14,1.943E14,1.944E14,1.945E14,1.946E14,1.947E14,1.948E14,1.949E14,1.95E14,0.0,0.0,0.0,0.0,0.0,0.0,0.0,0.0,0.0,0.0,15,5,20,4,24,2,18,0,24,0
1.921E14,1.922E14,1.923E14,1.924E14,1.925E14,1.926E14,1.927E14,1.928E14,1.929E14,1.93E14,1.931E14,1.932E14,1.933E14,1.934E14,1.935E14,1.936E14,1.937E14,1.938E14,1.939E14,1.94E14,1.941E14,1.942E14,1.943E14,1.944E14,1.945E14,1.946E14,1.947E14,1.948E14,1.949E14,1.95E14,0.0,0.0,0.0,0.0,0.0,0.0,0.0,0.0,0.0,0.0,23,4,14,3,19,4,21,0,24,0
1.921E14,1.922E14,1.923E14,1.924E14,1.925E14,1.926E14,1.927E14,1.928E14,1.929E14,1.93E14,1.931E14,1.932E14,1.933E14,1.934E14,1.935E14,1.936E14,1.937E14,1.938E14,1.939E14,1.94E14,1.941E14,1.942E14,1.943E14,1.944E14,1.945E14,1.946E14,1.947E14,1.948E14,1.949E14,1.95E14,0.0,0.0,0.0,0.0,0.0,0.0,0.0,0.0,0.0,0.0,19,7,20,2,23,2,15,0,24,0
1.921E14,1.922E14,1.923E14,1.924E14,1.925E14,1.926E14,1.927E14,1.928E14,1.929E14,1.93E14,1.931E14,1.932E14,1.933E14,1.934E14,1.935E14,1.936E14,1.937E14,1.938E14,1.939E14,1.94E14,1.941E14,1.942E14,1.943E14,1.944E14,1.945E14,1.946E14,1.947E14,1.948E14,1.949E14,1.95E14,0.0,0.0,0.0,0.0,0.0,0.0,0.0,0.0,0.0,0.0,23,4,15,3,19,4,20,0,24,0
1.921E14,1.922E14,1.923E14,1.924E14,1.925E14,1.926E14,1.927E14,1.928E14,1.929E14,1.93E14,1.931E14,1.932E14,1.933E14,1.934E14,1.935E14,1.936E14,1.937E14,1.938E14,1.939E14,1.94E14,1.941E14,1.942E14,1.943E14,1.944E14,1.945E14,1.946E14,1.947E14,1.948E14,1.949E14,1.95E14,0.0,0.0,0.0,0.0,0.0,0.0,0.0,0.0,0.0,0.0,18,6,21,3,18,2,20,0,24,0
1.921E14,1.922E14,1.923E14,1.924E14,1.925E14,1.926E14,1.927E14,1.928E14,1.929E14,1.93E14,1.931E14,1.932E14,1.933E14,1.934E14,1.935E14,1.936E14,1.937E14,1.938E14,1.939E14,1.94E14,1.941E14,1.942E14,1.943E14,1.944E14,1.945E14,1.946E14,1.947E14,1.948E14,1.949E14,1.95E14,1.951E14,1.952E14,1.953E14,1.954E14,1.955E14,1.956E14,1.957E14,1.958E14,1.959E14,1.96E14,15,3,16,2,21,2,23,2,24,0
1.921E14,1.922E14,1.923E14,1.924E14,1.925E14,1.926E14,1.927E14,1.928E14,1.929E14,1.93E14,1.931E14,1.932E14,1.933E14,1.934E14,1.935E14,1.936E14,1.937E14,1.938E14,1.939E14,1.94E14,1.941E14,1.942E14,1.943E14,1.944E14,1.945E14,1.946E14,1.947E14,1.948E14,1.949E14,1.95E14,1.951E14,1.952E14,1.953E14,1.954E14,1.955E14,1.956E14,1.957E14,1.958E14,1.959E14,1.96E14,15,0,16,2,20,2,24,5,24,0
1.921E14,1.922E14,1.923E14,1.924E14,1.925E14,1.926E14,1.927E14,1.928E14,1.929E14,1.93E14,1.931E14,1.932E14,1.933E14,1.934E14,1.935E14,1.936E14,1.937E14,1.938E14,1.939E14,1.94E14,1.941E14,1.942E14,1.943E14,1.944E14,1.945E14,1.946E14,1.947E14,1.948E14,1.949E14,1.95E14,1.951E14,1.952E14,1.953E14,1.954E14,1.955E14,1.956E14,1.957E14,1.958E14,1.959E14,1.96E14,16,0,15,2,21,2,23,5,24,0
1.921E14,1.922E14,1.923E14,1.924E14,1.925E14,1.926E14,1.927E14,1.928E14,1.929E14,1.93E14,1.931E14,1.932E14,1.933E14,1.934E14,1.935E14,1.936E14,1.937E14,1.938E14,1.939E14,1.94E14,1.941E14,1.942E14,1.943E14,1.944E14,1.945E14,1.946E14,1.947E14,1.948E14,1.949E14,1.95E14,1.951E14,1.952E14,1.953E14,1.954E14,1.955E14,1.956E14,1.957E14,1.958E14,1.959E14,1.96E14,15,0,16,2,21,2,23,5,24,0
1.921E14,1.922E14,1.923E14,1.924E14,1.925E14,1.926E14,1.927E14,1.928E14,1.929E14,1.93E14,1.931E14,1.932E14,1.933E14,1.934E14,1.935E14,1.936E14,1.937E14,1.938E14,1.939E14,1.94E14,1.941E14,1.942E14,1.943E14,1.944E14,1.945E14,1.946E14,1.947E14,1.948E14,1.949E14,1.95E14,1.951E14,1.952E14,1.953E14,1.954E14,1.955E14,1.956E14,1.957E14,1.958E14,1.959E14,1.96E14,15,0,16,1,24,3,20,5,24,0
1.921E14,1.922E14,1.923E14,1.924E14,1.925E14,1.926E14,1.927E14,1.928E14,1.929E14,1.93E14,1.931E14,1.932E14,1.933E14,1.934E14,1.935E14,1.936E14,1.937E14,1.938E14,1.939E14,1.94E14,1.941E14,1.942E14,1.943E14,1.944E14,1.945E14,1.946E14,1.947E14,1.948E14,1.949E14,1.95E14,1.951E14,1.952E14,1.953E14,1.954E14,1.955E14,1.956E14,1.957E14,1.958E14,1.959E14,1.96E14,19,3,15,3,19,2,22,1,24,0
1.921E14,1.922E14,1.923E14,1.924E14,1.925E14,1.926E14,1.927E14,1.928E14,1.929E14,1.93E14,1.931E14,1.932E14,1.933E14,1.934E14,1.935E14,1.936E14,1.937E14,1.938E14,1.939E14,1.94E14,1.941E14,1.942E14,1.943E14,1.944E14,1.945E14,1.946E14,1.947E14,1.948E14,1.949E14,1.95E14,1.951E14,1.952E14,1.953E14,1.954E14,1.955E14,1.956E14,1.957E14,1.958E14,1.959E14,1.96E14,15,0,17,1,23,3,20,5,24,0
1.921E14,1.922E14,1.923E14,1.924E14,1.925E14,1.926E14,1.927E14,1.928E14,1.929E14,1.93E14,1.931E14,1.932E14,1.933E14,1.934E14,1.935E14,1.936E14,1.937E14,1.938E14,1.939E14,1.94E14,1.941E14,1.942E14,1.943E14,1.944E14,1.945E14,1.946E14,1.947E14,1.948E14,1.949E14,1.95E14,1.951E14,1.952E14,1.953E14,1.954E14,1.955E14,1.956E14,1.957E14,1.958E14,1.959E14,1.96E14,15,0,18,2,19,2,23,5,24,0
1.921E14,1.922E14,1.923E14,1.924E14,1.925E14,1.926E14,1.927E14,1.928E14,1.929E14,1.93E14,1.931E14,1.932E14,1.933E14,1.934E14,1.935E14,1.936E14,1.937E14,1.938E14,1.939E14,1.94E14,1.941E14,1.942E14,1.943E14,1.944E14,1.945E14,1.946E14,1.947E14,1.948E14,1.949E14,1.95E14,1.951E14,1.952E14,1.953E14,1.954E14,1.955E14,1.956E14,1.957E14,1.958E14,1.959E14,1.96E14,15,1,18,2,22,2,20,4,24,0
1.921E14,1.922E14,1.923E14,1.924E14,1.925E14,1.926E14,1.927E14,1.928E14,1.929E14,1.93E14,1.931E14,1.932E14,1.933E14,1.934E14,1.935E14,1.936E14,1.937E14,1.938E14,1.939E14,1.94E14,1.941E14,1.942E14,1.943E14,1.944E14,1.945E14,1.946E14,1.947E14,1.948E14,1.949E14,1.95E14,1.951E14,1.952E14,1.953E14,1.954E14,1.955E14,1.956E14,1.957E14,1.958E14,1.959E14,1.96E14,15,0,18,2,22,2,20,5,24,0
1.921E14,1.922E14,1.923E14,1.924E14,1.925E14,1.926E14,1.927E14,1.928E14,1.929E14,1.93E14,1.931E14,1.932E14,1.933E14,1.934E14,1.935E14,1.936E14,1.937E14,1.938E14,1.939E14,1.94E14,1.941E14,1.942E14,1.943E14,1.944E14,1.945E14,1.946E14,1.947E14,1.948E14,1.949E14,1.95E14,1.951E14,1.952E14,1.953E14,1.954E14,1.955E14,1.956E14,1.957E14,1.958E14,1.959E14,1.96E14,22,0,15,5,20,2,18,2,24,0
1.921E14,1.922E14,1.923E14,1.924E14,1.925E14,1.926E14,1.927E14,1.928E14,1.929E14,1.93E14,1.931E14,1.932E14,1.933E14,1.934E14,1.935E14,1.936E14,1.937E14,1.938E14,1.939E14,1.94E14,1.941E14,1.942E14,1.943E14,1.944E14,1.945E14,1.946E14,1.947E14,1.948E14,1.949E14,1.95E14,1.951E14,1.952E14,1.953E14,1.954E14,1.955E14,1.956E14,1.957E14,1.958E14,1.959E14,1.96E14,15,3,15,3,24,3,22,1,24,0
1.921E14,1.922E14,1.923E14,1.924E14,1.925E14,1.926E14,1.927E14,1.928E14,1.929E14,1.93E14,1.931E14,1.932E14,1.933E14,1.934E14,1.935E14,1.936E14,1.937E14,1.938E14,1.939E14,1.94E14,1.941E14,1.942E14,1.943E14,1.944E14,1.945E14,1.946E14,1.947E14,1.948E14,1.949E14,1.95E14,1.951E14,1.952E14,1.953E14,1.954E14,1.955E14,1.956E14,1.957E14,1.958E14,1.959E14,1.96E14,19,0,18,2,20,2,18,5,24,0
1.921E14,1.922E14,1.923E14,1.924E14,1.925E14,1.926E14,1.927E14,1.928E14,1.929E14,1.93E14,1.931E14,1.932E14,1.933E14,1.934E14,1.935E14,1.936E14,1.937E14,1.938E14,1.939E14,1.94E14,1.941E14,1.942E14,1.943E14,1.944E14,1.945E14,1.946E14,1.947E14,1.948E14,1.949E14,1.95E14,1.951E14,1.952E14,1.953E14,1.954E14,1.955E14,1.956E14,1.957E14,1.958E14,1.959E14,1.96E14,14,0,15,3,23,2,24,5,24,0
1.921E14,1.922E14,1.923E14,1.924E14,1.925E14,1.926E14,1.927E14,1.928E14,1.929E14,1.93E14,1.931E14,1.932E14,1.933E14,1.934E14,1.935E14,1.936E14,1.937E14,1.938E14,1.939E14,1.94E14,1.941E14,1.942E14,1.943E14,1.944E14,1.945E14,1.946E14,1.947E14,1.948E14,1.949E14,1.95E14,1.951E14,1.952E14,1.953E14,1.954E14,1.955E14,1.956E14,1.957E14,1.958E14,1.959E14,1.96E14,14,0,15,2,24,3,23,5,24,0
1.921E14,1.922E14,1.923E14,1.924E14,1.925E14,1.926E14,1.927E14,1.928E14,1.929E14,1.93E14,1.931E14,1.932E14,1.933E14,1.934E14,1.935E14,1.936E14,1.937E14,1.938E14,1.939E14,1.94E14,1.941E14,1.942E14,1.943E14,1.944E14,1.945E14,1.946E14,1.947E14,1.948E14,1.949E14,1.95E14,1.951E14,1.952E14,1.953E14,1.954E14,1.955E14,1.956E14,1.957E14,1.958E14,1.959E14,1.96E14,15,0,15,5,24,3,22,2,24,0
1.921E14,1.922E14,1.923E14,1.924E14,1.925E14,1.926E14,1.927E14,1.928E14,1.929E14,1.93E14,1.931E14,1.932E14,1.933E14,1.934E14,1.935E14,1.936E14,1.937E14,1.938E14,1.939E14,1.94E14,1.941E14,1.942E14,1.943E14,1.944E14,1.945E14,1.946E14,1.947E14,1.948E14,1.949E14,1.95E14,1.951E14,1.952E14,1.953E14,1.954E14,1.955E14,1.956E14,1.957E14,1.958E14,1.959E14,1.96E14,15,1,15,2,23,2,23,5,24,0
1.921E14,1.922E14,1.923E14,1.924E14,1.925E14,1.926E14,1.927E14,1.928E14,1.929E14,1.93E14,1.931E14,1.932E14,1.933E14,1.934E14,1.935E14,1.936E14,1.937E14,1.938E14,1.939E14,1.94E14,1.941E14,1.942E14,1.943E14,1.944E14,1.945E14,1.946E14,1.947E14,1.948E14,1.949E14,1.95E14,1.951E14,1.952E14,1.953E14,1.954E14,1.955E14,1.956E14,1.957E14,1.958E14,1.959E14,1.96E14,14,0,16,3,23,2,23,5,24,0
1.921E14,1.922E14,1.923E14,1.924E14,1.925E14,1.926E14,1.927E14,1.928E14,1.929E14,1.93E14,1.931E14,1.932E14,1.933E14,1.934E14,1.935E14,1.936E14,1.937E14,1.938E14,1.939E14,1.94E14,1.941E14,1.942E14,1.943E14,1.944E14,1.945E14,1.946E14,1.947E14,1.948E14,1.949E14,1.95E14,1.951E14,1.952E14,1.953E14,1.954E14,1.955E14,1.956E14,1.957E14,1.958E14,1.959E14,1.96E14,16,1,15,2,22,2,23,5,24,0
1.921E14,1.922E14,1.923E14,1.924E14,1.925E14,1.926E14,1.927E14,1.928E14,1.929E14,1.93E14,1.931E14,1.932E14,1.933E14,1.934E14,1.935E14,1.936E14,1.937E14,1.938E14,1.939E14,1.94E14,1.941E14,1.942E14,1.943E14,1.944E14,1.945E14,1.946E14,1.947E14,1.948E14,1.949E14,1.95E14,1.951E14,1.952E14,1.953E14,1.954E14,1.955E14,1.956E14,1.957E14,1.958E14,1.959E14,1.96E14,14,0,18,3,20,2,24,5,24,0
1.921E14,1.922E14,1.923E14,1.924E14,1.925E14,1.926E14,1.927E14,1.928E14,1.929E14,1.93E14,1.931E14,1.932E14,1.933E14,1.934E14,1.935E14,1.936E14,1.937E14,1.938E14,1.939E14,1.94E14,1.941E14,1.942E14,1.943E14,1.944E14,1.945E14,1.946E14,1.947E14,1.948E14,1.949E14,1.95E14,1.951E14,1.952E14,1.953E14,1.954E14,1.955E14,1.956E14,1.957E14,1.958E14,1.959E14,1.96E14,17,0,15,3,21,2,23,5,24,0
1.921E14,1.922E14,1.923E14,1.924E14,1.925E14,1.926E14,1.927E14,1.928E14,1.929E14,1.93E14,1.931E14,1.932E14,1.933E14,1.934E14,1.935E14,1.936E14,1.937E14,1.938E14,1.939E14,1.94E14,1.941E14,1.942E14,1.943E14,1.944E14,1.945E14,1.946E14,1.947E14,1.948E14,1.949E14,1.95E14,1.951E14,1.952E14,1.953E14,1.954E14,1.955E14,1.956E14,1.957E14,1.958E14,1.959E14,1.96E14,15,0,18,3,20,2,23,5,24,0
1.921E14,1.922E14,1.923E14,1.924E14,1.925E14,1.926E14,1.927E14,1.928E14,1.929E14,1.93E14,1.931E14,1.932E14,1.933E14,1.934E14,1.935E14,1.936E14,1.937E14,1.938E14,1.939E14,1.94E14,1.941E14,1.942E14,1.943E14,1.944E14,1.945E14,1.946E14,1.947E14,1.948E14,1.949E14,1.95E14,1.951E14,1.952E14,1.953E14,1.954E14,1.955E14,1.956E14,1.957E14,1.958E14,1.959E14,1.96E14,19,0,15,2,19,3,23,5,24,0
1.921E14,1.922E14,1.923E14,1.924E14,1.925E14,1.926E14,1.927E14,1.928E14,1.929E14,1.93E14,1.931E14,1.932E14,1.933E14,1.934E14,1.935E14,1.936E14,1.937E14,1.938E14,1.939E14,1.94E14,1.941E14,1.942E14,1.943E14,1.944E14,1.945E14,1.946E14,1.947E14,1.948E14,1.949E14,1.95E14,1.951E14,1.952E14,1.953E14,1.954E14,1.955E14,1.956E14,1.957E14,1.958E14,1.959E14,1.96E14,18,0,16,3,20,2,22,5,24,0
1.921E14,1.922E14,1.923E14,1.924E14,1.925E14,1.926E14,1.927E14,1.928E14,1.929E14,1.93E14,1.931E14,1.932E14,1.933E14,1.934E14,1.935E14,1.936E14,1.937E14,1.938E14,1.939E14,1.94E14,1.941E14,1.942E14,1.943E14,1.944E14,1.945E14,1.946E14,1.947E14,1.948E14,1.949E14,1.95E14,1.951E14,1.952E14,1.953E14,1.954E14,1.955E14,1.956E14,1.957E14,1.958E14,1.959E14,1.96E14,19,0,17,2,18,2,22,6,24,0
1.921E14,1.922E14,1.923E14,1.924E14,1.925E14,1.926E14,1.927E14,1.928E14,1.929E14,1.93E14,1.931E14,1.932E14,1.933E14,1.934E14,1.935E14,1.936E14,1.937E14,1.938E14,1.939E14,1.94E14,1.941E14,1.942E14,1.943E14,1.944E14,1.945E14,1.946E14,1.947E14,1.948E14,1.949E14,1.95E14,1.951E14,1.952E14,1.953E14,1.954E14,1.955E14,1.956E14,1.957E14,1.958E14,1.959E14,1.96E14,19,0,18,2,20,3,19,5,24,0
1.921E14,1.922E14,1.923E14,1.924E14,1.925E14,1.926E14,1.927E14,1.928E14,1.929E14,1.93E14,1.931E14,1.932E14,1.933E14,1.934E14,1.935E14,1.936E14,1.937E14,1.938E14,1.939E14,1.94E14,1.941E14,1.942E14,1.943E14,1.944E14,1.945E14,1.946E14,1.947E14,1.948E14,1.949E14,1.95E14,1.951E14,1.952E14,1.953E14,1.954E14,1.955E14,1.956E14,1.957E14,1.958E14,1.959E14,1.96E14,16,3,15,3,23,3,23,2,24,0
1.921E14,1.922E14,1.923E14,1.924E14,1.925E14,1.926E14,1.927E14,1.928E14,1.929E14,1.93E14,1.931E14,1.932E14,1.933E14,1.934E14,1.935E14,1.936E14,1.937E14,1.938E14,1.939E14,1.94E14,1.941E14,1.942E14,1.943E14,1.944E14,1.945E14,1.946E14,1.947E14,1.948E14,1.949E14,1.95E14,1.951E14,1.952E14,1.953E14,1.954E14,1.955E14,1.956E14,1.957E14,1.958E14,1.959E14,1.96E14,15,0,15,3,24,3,23,5,24,0
1.921E14,1.922E14,1.923E14,1.924E14,1.925E14,1.926E14,1.927E14,1.928E14,1.929E14,1.93E14,1.931E14,1.932E14,1.933E14,1.934E14,1.935E14,1.936E14,1.937E14,1.938E14,1.939E14,1.94E14,1.941E14,1.942E14,1.943E14,1.944E14,1.945E14,1.946E14,1.947E14,1.948E14,1.949E14,1.95E14,1.951E14,1.952E14,1.953E14,1.954E14,1.955E14,1.956E14,1.957E14,1.958E14,1.959E14,1.96E14,19,6,15,2,19,2,24,1,24,0
1.921E14,1.922E14,1.923E14,1.924E14,1.925E14,1.926E14,1.927E14,1.928E14,1.929E14,1.93E14,1.931E14,1.932E14,1.933E14,1.934E14,1.935E14,1.936E14,1.937E14,1.938E14,1.939E14,1.94E14,1.941E14,1.942E14,1.943E14,1.944E14,1.945E14,1.946E14,1.947E14,1.948E14,1.949E14,1.95E14,1.951E14,1.952E14,1.953E14,1.954E14,1.955E14,1.956E14,1.957E14,1.958E14,1.959E14,1.96E14,14,0,17,4,23,2,23,5,24,0
