1.921E14,1.922E14,0.0,0.0,0.0,0.0,0.0,0.0,0.0,0.0,0.0,0.0,0.0,0.0,0.0,0.0,0.0,0.0,0.0,0.0,0.0,0.0,0.0,0.0,0.0,0.0,0.0,0.0,0.0,0.0,0.0,0.0,0.0,0.0,0.0,0.0,0.0,0.0,0.0,0.0,24,3,24,6
1.921E14,1.922E14,0.0,0.0,0.0,0.0,0.0,0.0,0.0,0.0,0.0,0.0,0.0,0.0,0.0,0.0,0.0,0.0,0.0,0.0,0.0,0.0,0.0,0.0,0.0,0.0,0.0,0.0,0.0,0.0,0.0,0.0,0.0,0.0,0.0,0.0,0.0,0.0,0.0,0.0,24,4,24,6
1.921E14,1.922E14,0.0,0.0,0.0,0.0,0.0,0.0,0.0,0.0,0.0,0.0,0.0,0.0,0.0,0.0,0.0,0.0,0.0,0.0,0.0,0.0,0.0,0.0,0.0,0.0,0.0,0.0,0.0,0.0,0.0,0.0,0.0,0.0,0.0,0.0,0.0,0.0,0.0,0.0,24,3,23,5
1.921E14,1.922E14,0.0,0.0,0.0,0.0,0.0,0.0,0.0,0.0,0.0,0.0,0.0,0.0,0.0,0.0,0.0,0.0,0.0,0.0,0.0,0.0,0.0,0.0,0.0,0.0,0.0,0.0,0.0,0.0,0.0,0.0,0.0,0.0,0.0,0.0,0.0,0.0,0.0,0.0,24,4,23,3
1.921E14,1.922E14,0.0,0.0,0.0,0.0,0.0,0.0,0.0,0.0,0.0,0.0,0.0,0.0,0.0,0.0,0.0,0.0,0.0,0.0,0.0,0.0,0.0,0.0,0.0,0.0,0.0,0.0,0.0,0.0,0.0,0.0,0.0,0.0,0.0,0.0,0.0,0.0,0.0,0.0,24,3,22,6
1.921E14,1.922E14,0.0,0.0,0.0,0.0,0.0,0.0,0.0,0.0,0.0,0.0,0.0,0.0,0.0,0.0,0.0,0.0,0.0,0.0,0.0,0.0,0.0,0.0,0.0,0.0,0.0,0.0,0.0,0.0,0.0,0.0,0.0,0.0,0.0,0.0,0.0,0.0,0.0,0.0,24,4,22,2
1.921E14,1.922E14,1.923E14,0.0,0.0,0.0,0.0,0.0,0.0,0.0,0.0,0.0,0.0,0.0,0.0,0.0,0.0,0.0,0.0,0.0,0.0,0.0,0.0,0.0,0.0,0.0,0.0,0.0,0.0,0.0,0.0,0.0,0.0,0.0,0.0,0.0,0.0,0.0,0.0,0.0,24,3,24,0
1.921E14,1.922E14,1.923E14,0.0,0.0,0.0,0.0,0.0,0.0,0.0,0.0,0.0,0.0,0.0,0.0,0.0,0.0,0.0,0.0,0.0,0.0,0.0,0.0,0.0,0.0,0.0,0.0,0.0,0.0,0.0,0.0,0.0,0.0,0.0,0.0,0.0,0.0,0.0,0.0,0.0,24,2,24,6
1.921E14,1.922E14,1.923E14,0.0,0.0,0.0,0.0,0.0,0.0,0.0,0.0,0.0,0.0,0.0,0.0,0.0,0.0,0.0,0.0,0.0,0.0,0.0,0.0,0.0,0.0,0.0,0.0,0.0,0.0,0.0,0.0,0.0,0.0,0.0,0.0,0.0,0.0,0.0,0.0,0.0,24,2,23,1
1.921E14,1.922E14,1.923E14,0.0,0.0,0.0,0.0,0.0,0.0,0.0,0.0,0.0,0.0,0.0,0.0,0.0,0.0,0.0,0.0,0.0,0.0,0.0,0.0,0.0,0.0,0.0,0.0,0.0,0.0,0.0,0.0,0.0,0.0,0.0,0.0,0.0,0.0,0.0,0.0,0.0,24,1,24,7
1.921E14,1.922E14,1.923E14,0.0,0.0,0.0,0.0,0.0,0.0,0.0,0.0,0.0,0.0,0.0,0.0,0.0,0.0,0.0,0.0,0.0,0.0,0.0,0.0,0.0,0.0,0.0,0.0,0.0,0.0,0.0,0.0,0.0,0.0,0.0,0.0,0.0,0.0,0.0,0.0,0.0,24,1,23,6
1.921E14,1.922E14,1.923E14,1.924E14,0.0,0.0,0.0,0.0,0.0,0.0,0.0,0.0,0.0,0.0,0.0,0.0,0.0,0.0,0.0,0.0,0.0,0.0,0.0,0.0,0.0,0.0,0.0,0.0,0.0,0.0,0.0,0.0,0.0,0.0,0.0,0.0,0.0,0.0,0.0,0.0,24,3,24,1
1.921E14,1.922E14,1.923E14,1.924E14,0.0,0.0,0.0,0.0,0.0,0.0,0.0,0.0,0.0,0.0,0.0,0.0,0.0,0.0,0.0,0.0,0.0,0.0,0.0,0.0,0.0,0.0,0.0,0.0,0.0,0.0,0.0,0.0,0.0,0.0,0.0,0.0,0.0,0.0,0.0,0.0,24,2,24,2
1.921E14,1.922E14,1.923E14,1.924E14,0.0,0.0,0.0,0.0,0.0,0.0,0.0,0.0,0.0,0.0,0.0,0.0,0.0,0.0,0.0,0.0,0.0,0.0,0.0,0.0,0.0,0.0,0.0,0.0,0.0,0.0,0.0,0.0,0.0,0.0,0.0,0.0,0.0,0.0,0.0,0.0,24,3,23,3
1.921E14,1.922E14,1.923E14,1.924E14,0.0,0.0,0.0,0.0,0.0,0.0,0.0,0.0,0.0,0.0,0.0,0.0,0.0,0.0,0.0,0.0,0.0,0.0,0.0,0.0,0.0,0.0,0.0,0.0,0.0,0.0,0.0,0.0,0.0,0.0,0.0,0.0,0.0,0.0,0.0,0.0,24,2,23,9
1.921E14,1.922E14,1.923E14,1.924E14,0.0,0.0,0.0,0.0,0.0,0.0,0.0,0.0,0.0,0.0,0.0,0.0,0.0,0.0,0.0,0.0,0.0,0.0,0.0,0.0,0.0,0.0,0.0,0.0,0.0,0.0,0.0,0.0,0.0,0.0,0.0,0.0,0.0,0.0,0.0,0.0,24,3,22,0
1.921E14,1.922E14,1.923E14,1.924E14,0.0,0.0,0.0,0.0,0.0,0.0,0.0,0.0,0.0,0.0,0.0,0.0,0.0,0.0,0.0,0.0,0.0,0.0,0.0,0.0,0.0,0.0,0.0,0.0,0.0,0.0,0.0,0.0,0.0,0.0,0.0,0.0,0.0,0.0,0.0,0.0,24,1,24,0
1.921E14,1.922E14,1.923E14,1.924E14,1.925E14,0.0,0.0,0.0,0.0,0.0,0.0,0.0,0.0,0.0,0.0,0.0,0.0,0.0,0.0,0.0,0.0,0.0,0.0,0.0,0.0,0.0,0.0,0.0,0.0,0.0,0.0,0.0,0.0,0.0,0.0,0.0,0.0,0.0,0.0,0.0,24,3,24,1
1.921E14,1.922E14,1.923E14,1.924E14,1.925E14,0.0,0.0,0.0,0.0,0.0,0.0,0.0,0.0,0.0,0.0,0.0,0.0,0.0,0.0,0.0,0.0,0.0,0.0,0.0,0.0,0.0,0.0,0.0,0.0,0.0,0.0,0.0,0.0,0.0,0.0,0.0,0.0,0.0,0.0,0.0,24,2,24,7
1.921E14,1.922E14,1.923E14,1.924E14,1.925E14,0.0,0.0,0.0,0.0,0.0,0.0,0.0,0.0,0.0,0.0,0.0,0.0,0.0,0.0,0.0,0.0,0.0,0.0,0.0,0.0,0.0,0.0,0.0,0.0,0.0,0.0,0.0,0.0,0.0,0.0,0.0,0.0,0.0,0.0,0.0,24,3,23,2
1.921E14,1.922E14,1.923E14,1.924E14,1.925E14,0.0,0.0,0.0,0.0,0.0,0.0,0.0,0.0,0.0,0.0,0.0,0.0,0.0,0.0,0.0,0.0,0.0,0.0,0.0,0.0,0.0,0.0,0.0,0.0,0.0,0.0,0.0,0.0,0.0,0.0,0.0,0.0,0.0,0.0,0.0,24,2,23,9
1.921E14,1.922E14,1.923E14,1.924E14,1.925E14,0.0,0.0,0.0,0.0,0.0,0.0,0.0,0.0,0.0,0.0,0.0,0.0,0.0,0.0,0.0,0.0,0.0,0.0,0.0,0.0,0.0,0.0,0.0,0.0,0.0,0.0,0.0,0.0,0.0,0.0,0.0,0.0,0.0,0.0,0.0,24,3,22,7
1.921E14,1.922E14,1.923E14,1.924E14,1.925E14,0.0,0.0,0.0,0.0,0.0,0.0,0.0,0.0,0.0,0.0,0.0,0.0,0.0,0.0,0.0,0.0,0.0,0.0,0.0,0.0,0.0,0.0,0.0,0.0,0.0,0.0,0.0,0.0,0.0,0.0,0.0,0.0,0.0,0.0,0.0,24,2,22,0
1.921E14,1.922E14,1.923E14,1.924E14,1.925E14,1.926E14,0.0,0.0,0.0,0.0,0.0,0.0,0.0,0.0,0.0,0.0,0.0,0.0,0.0,0.0,0.0,0.0,0.0,0.0,0.0,0.0,0.0,0.0,0.0,0.0,0.0,0.0,0.0,0.0,0.0,0.0,0.0,0.0,0.0,0.0,24,4,24,5
1.921E14,1.922E14,1.923E14,1.924E14,1.925E14,1.926E14,0.0,0.0,0.0,0.0,0.0,0.0,0.0,0.0,0.0,0.0,0.0,0.0,0.0,0.0,0.0,0.0,0.0,0.0,0.0,0.0,0.0,0.0,0.0,0.0,0.0,0.0,0.0,0.0,0.0,0.0,0.0,0.0,0.0,0.0,24,3,24,2
1.921E14,1.922E14,1.923E14,1.924E14,1.925E14,1.926E14,0.0,0.0,0.0,0.0,0.0,0.0,0.0,0.0,0.0,0.0,0.0,0.0,0.0,0.0,0.0,0.0,0.0,0.0,0.0,0.0,0.0,0.0,0.0,0.0,0.0,0.0,0.0,0.0,0.0,0.0,0.0,0.0,0.0,0.0,24,2,24,5
1.921E14,1.922E14,1.923E14,1.924E14,1.925E14,1.926E14,0.0,0.0,0.0,0.0,0.0,0.0,0.0,0.0,0.0,0.0,0.0,0.0,0.0,0.0,0.0,0.0,0.0,0.0,0.0,0.0,0.0,0.0,0.0,0.0,0.0,0.0,0.0,0.0,0.0,0.0,0.0,0.0,0.0,0.0,24,2,23,1
1.921E14,1.922E14,1.923E14,1.924E14,1.925E14,1.926E14,0.0,0.0,0.0,0.0,0.0,0.0,0.0,0.0,0.0,0.0,0.0,0.0,0.0,0.0,0.0,0.0,0.0,0.0,0.0,0.0,0.0,0.0,0.0,0.0,0.0,0.0,0.0,0.0,0.0,0.0,0.0,0.0,0.0,0.0,24,2,22,1
1.921E14,1.922E14,1.923E14,1.924E14,1.925E14,1.926E14,0.0,0.0,0.0,0.0,0.0,0.0,0.0,0.0,0.0,0.0,0.0,0.0,0.0,0.0,0.0,0.0,0.0,0.0,0.0,0.0,0.0,0.0,0.0,0.0,0.0,0.0,0.0,0.0,0.0,0.0,0.0,0.0,0.0,0.0,24,1,24,3
1.921E14,1.922E14,1.923E14,1.924E14,1.925E14,1.926E14,1.927E14,0.0,0.0,0.0,0.0,0.0,0.0,0.0,0.0,0.0,0.0,0.0,0.0,0.0,0.0,0.0,0.0,0.0,0.0,0.0,0.0,0.0,0.0,0.0,0.0,0.0,0.0,0.0,0.0,0.0,0.0,0.0,0.0,0.0,24,4,24,2
1.921E14,1.922E14,1.923E14,1.924E14,1.925E14,1.926E14,1.927E14,0.0,0.0,0.0,0.0,0.0,0.0,0.0,0.0,0.0,0.0,0.0,0.0,0.0,0.0,0.0,0.0,0.0,0.0,0.0,0.0,0.0,0.0,0.0,0.0,0.0,0.0,0.0,0.0,0.0,0.0,0.0,0.0,0.0,24,3,24,5
1.921E14,1.922E14,1.923E14,1.924E14,1.925E14,1.926E14,1.927E14,0.0,0.0,0.0,0.0,0.0,0.0,0.0,0.0,0.0,0.0,0.0,0.0,0.0,0.0,0.0,0.0,0.0,0.0,0.0,0.0,0.0,0.0,0.0,0.0,0.0,0.0,0.0,0.0,0.0,0.0,0.0,0.0,0.0,24,2,24,2
1.921E14,1.922E14,1.923E14,1.924E14,1.925E14,1.926E14,1.927E14,0.0,0.0,0.0,0.0,0.0,0.0,0.0,0.0,0.0,0.0,0.0,0.0,0.0,0.0,0.0,0.0,0.0,0.0,0.0,0.0,0.0,0.0,0.0,0.0,0.0,0.0,0.0,0.0,0.0,0.0,0.0,0.0,0.0,24,3,23,6
1.921E14,1.922E14,1.923E14,1.924E14,1.925E14,1.926E14,1.927E14,0.0,0.0,0.0,0.0,0.0,0.0,0.0,0.0,0.0,0.0,0.0,0.0,0.0,0.0,0.0,0.0,0.0,0.0,0.0,0.0,0.0,0.0,0.0,0.0,0.0,0.0,0.0,0.0,0.0,0.0,0.0,0.0,0.0,24,2,23,2
1.921E14,1.922E14,1.923E14,1.924E14,1.925E14,1.926E14,1.927E14,0.0,0.0,0.0,0.0,0.0,0.0,0.0,0.0,0.0,0.0,0.0,0.0,0.0,0.0,0.0,0.0,0.0,0.0,0.0,0.0,0.0,0.0,0.0,0.0,0.0,0.0,0.0,0.0,0.0,0.0,0.0,0.0,0.0,24,3,22,3
1.921E14,1.922E14,1.923E14,1.924E14,1.925E14,1.926E14,1.927E14,1.928E14,0.0,0.0,0.0,0.0,0.0,0.0,0.0,0.0,0.0,0.0,0.0,0.0,0.0,0.0,0.0,0.0,0.0,0.0,0.0,0.0,0.0,0.0,0.0,0.0,0.0,0.0,0.0,0.0,0.0,0.0,0.0,0.0,24,4,24,1
1.921E14,1.922E14,1.923E14,1.924E14,1.925E14,1.926E14,1.927E14,1.928E14,0.0,0.0,0.0,0.0,0.0,0.0,0.0,0.0,0.0,0.0,0.0,0.0,0.0,0.0,0.0,0.0,0.0,0.0,0.0,0.0,0.0,0.0,0.0,0.0,0.0,0.0,0.0,0.0,0.0,0.0,0.0,0.0,24,6,24,2
1.921E14,1.922E14,1.923E14,1.924E14,1.925E14,1.926E14,1.927E14,1.928E14,0.0,0.0,0.0,0.0,0.0,0.0,0.0,0.0,0.0,0.0,0.0,0.0,0.0,0.0,0.0,0.0,0.0,0.0,0.0,0.0,0.0,0.0,0.0,0.0,0.0,0.0,0.0,0.0,0.0,0.0,0.0,0.0,24,7,23,2
1.921E14,1.922E14,1.923E14,1.924E14,1.925E14,1.926E14,1.927E14,1.928E14,0.0,0.0,0.0,0.0,0.0,0.0,0.0,0.0,0.0,0.0,0.0,0.0,0.0,0.0,0.0,0.0,0.0,0.0,0.0,0.0,0.0,0.0,0.0,0.0,0.0,0.0,0.0,0.0,0.0,0.0,0.0,0.0,24,8,24,2
1.921E14,1.922E14,1.923E14,1.924E14,1.925E14,1.926E14,1.927E14,1.928E14,0.0,0.0,0.0,0.0,0.0,0.0,0.0,0.0,0.0,0.0,0.0,0.0,0.0,0.0,0.0,0.0,0.0,0.0,0.0,0.0,0.0,0.0,0.0,0.0,0.0,0.0,0.0,0.0,0.0,0.0,0.0,0.0,24,8,23,0
1.921E14,1.922E14,1.923E14,1.924E14,1.925E14,1.926E14,1.927E14,1.928E14,0.0,0.0,0.0,0.0,0.0,0.0,0.0,0.0,0.0,0.0,0.0,0.0,0.0,0.0,0.0,0.0,0.0,0.0,0.0,0.0,0.0,0.0,0.0,0.0,0.0,0.0,0.0,0.0,0.0,0.0,0.0,0.0,24,8,22,1
1.921E14,1.922E14,1.923E14,1.924E14,1.925E14,1.926E14,1.927E14,1.928E14,0.0,0.0,0.0,0.0,0.0,0.0,0.0,0.0,0.0,0.0,0.0,0.0,0.0,0.0,0.0,0.0,0.0,0.0,0.0,0.0,0.0,0.0,0.0,0.0,0.0,0.0,0.0,0.0,0.0,0.0,0.0,0.0,24,9,24,0
1.921E14,1.922E14,1.923E14,1.924E14,1.925E14,1.926E14,1.927E14,1.928E14,0.0,0.0,0.0,0.0,0.0,0.0,0.0,0.0,0.0,0.0,0.0,0.0,0.0,0.0,0.0,0.0,0.0,0.0,0.0,0.0,0.0,0.0,0.0,0.0,0.0,0.0,0.0,0.0,0.0,0.0,0.0,0.0,24,9,23,2
1.921E14,1.922E14,1.923E14,1.924E14,1.925E14,1.926E14,1.927E14,1.928E14,0.0,0.0,0.0,0.0,0.0,0.0,0.0,0.0,0.0,0.0,0.0,0.0,0.0,0.0,0.0,0.0,0.0,0.0,0.0,0.0,0.0,0.0,0.0,0.0,0.0,0.0,0.0,0.0,0.0,0.0,0.0,0.0,24,9,22,0
1.921E14,1.922E14,1.923E14,1.924E14,1.925E14,1.926E14,1.927E14,1.928E14,0.0,0.0,0.0,0.0,0.0,0.0,0.0,0.0,0.0,0.0,0.0,0.0,0.0,0.0,0.0,0.0,0.0,0.0,0.0,0.0,0.0,0.0,0.0,0.0,0.0,0.0,0.0,0.0,0.0,0.0,0.0,0.0,24,10,24,1
1.921E14,1.922E14,1.923E14,1.924E14,1.925E14,1.926E14,1.927E14,1.928E14,0.0,0.0,0.0,0.0,0.0,0.0,0.0,0.0,0.0,0.0,0.0,0.0,0.0,0.0,0.0,0.0,0.0,0.0,0.0,0.0,0.0,0.0,0.0,0.0,0.0,0.0,0.0,0.0,0.0,0.0,0.0,0.0,24,10,23,0
1.921E14,1.922E14,1.923E14,1.924E14,1.925E14,1.926E14,1.927E14,1.928E14,0.0,0.0,0.0,0.0,0.0,0.0,0.0,0.0,0.0,0.0,0.0,0.0,0.0,0.0,0.0,0.0,0.0,0.0,0.0,0.0,0.0,0.0,0.0,0.0,0.0,0.0,0.0,0.0,0.0,0.0,0.0,0.0,24,10,22,0
1.921E14,1.922E14,1.923E14,1.924E14,1.925E14,1.926E14,1.927E14,1.928E14,0.0,0.0,0.0,0.0,0.0,0.0,0.0,0.0,0.0,0.0,0.0,0.0,0.0,0.0,0.0,0.0,0.0,0.0,0.0,0.0,0.0,0.0,0.0,0.0,0.0,0.0,0.0,0.0,0.0,0.0,0.0,0.0,24,11,24,1
1.921E14,1.922E14,1.923E14,1.924E14,1.925E14,1.926E14,1.927E14,1.928E14,0.0,0.0,0.0,0.0,0.0,0.0,0.0,0.0,0.0,0.0,0.0,0.0,0.0,0.0,0.0,0.0,0.0,0.0,0.0,0.0,0.0,0.0,0.0,0.0,0.0,0.0,0.0,0.0,0.0,0.0,0.0,0.0,24,11,23,0
1.921E14,1.922E14,1.923E14,1.924E14,1.925E14,1.926E14,1.927E14,1.928E14,0.0,0.0,0.0,0.0,0.0,0.0,0.0,0.0,0.0,0.0,0.0,0.0,0.0,0.0,0.0,0.0,0.0,0.0,0.0,0.0,0.0,0.0,0.0,0.0,0.0,0.0,0.0,0.0,0.0,0.0,0.0,0.0,24,12,24,0
1.921E14,1.922E14,1.923E14,1.924E14,1.925E14,1.926E14,1.927E14,1.928E14,0.0,0.0,0.0,0.0,0.0,0.0,0.0,0.0,0.0,0.0,0.0,0.0,0.0,0.0,0.0,0.0,0.0,0.0,0.0,0.0,0.0,0.0,0.0,0.0,0.0,0.0,0.0,0.0,0.0,0.0,0.0,0.0,23,3,24,0
1.921E14,1.922E14,1.923E14,1.924E14,1.925E14,1.926E14,1.927E14,1.928E14,0.0,0.0,0.0,0.0,0.0,0.0,0.0,0.0,0.0,0.0,0.0,0.0,0.0,0.0,0.0,0.0,0.0,0.0,0.0,0.0,0.0,0.0,0.0,0.0,0.0,0.0,0.0,0.0,0.0,0.0,0.0,0.0,23,4,23,0
1.921E14,1.922E14,1.923E14,1.924E14,1.925E14,1.926E14,1.927E14,1.928E14,0.0,0.0,0.0,0.0,0.0,0.0,0.0,0.0,0.0,0.0,0.0,0.0,0.0,0.0,0.0,0.0,0.0,0.0,0.0,0.0,0.0,0.0,0.0,0.0,0.0,0.0,0.0,0.0,0.0,0.0,0.0,0.0,23,6,22,0
1.921E14,1.922E14,1.923E14,1.924E14,1.925E14,1.926E14,1.927E14,1.928E14,0.0,0.0,0.0,0.0,0.0,0.0,0.0,0.0,0.0,0.0,0.0,0.0,0.0,0.0,0.0,0.0,0.0,0.0,0.0,0.0,0.0,0.0,0.0,0.0,0.0,0.0,0.0,0.0,0.0,0.0,0.0,0.0,23,7,23,0
1.921E14,1.922E14,1.923E14,1.924E14,1.925E14,1.926E14,1.927E14,1.928E14,0.0,0.0,0.0,0.0,0.0,0.0,0.0,0.0,0.0,0.0,0.0,0.0,0.0,0.0,0.0,0.0,0.0,0.0,0.0,0.0,0.0,0.0,0.0,0.0,0.0,0.0,0.0,0.0,0.0,0.0,0.0,0.0,23,8,24,0
1.921E14,1.922E14,1.923E14,1.924E14,1.925E14,1.926E14,1.927E14,1.928E14,0.0,0.0,0.0,0.0,0.0,0.0,0.0,0.0,0.0,0.0,0.0,0.0,0.0,0.0,0.0,0.0,0.0,0.0,0.0,0.0,0.0,0.0,0.0,0.0,0.0,0.0,0.0,0.0,0.0,0.0,0.0,0.0,23,8,23,2
1.921E14,1.922E14,1.923E14,1.924E14,1.925E14,1.926E14,1.927E14,1.928E14,0.0,0.0,0.0,0.0,0.0,0.0,0.0,0.0,0.0,0.0,0.0,0.0,0.0,0.0,0.0,0.0,0.0,0.0,0.0,0.0,0.0,0.0,0.0,0.0,0.0,0.0,0.0,0.0,0.0,0.0,0.0,0.0,23,8,22,1
1.921E14,1.922E14,1.923E14,1.924E14,1.925E14,1.926E14,1.927E14,1.928E14,0.0,0.0,0.0,0.0,0.0,0.0,0.0,0.0,0.0,0.0,0.0,0.0,0.0,0.0,0.0,0.0,0.0,0.0,0.0,0.0,0.0,0.0,0.0,0.0,0.0,0.0,0.0,0.0,0.0,0.0,0.0,0.0,23,9,24,2
1.921E14,1.922E14,1.923E14,1.924E14,1.925E14,1.926E14,1.927E14,1.928E14,0.0,0.0,0.0,0.0,0.0,0.0,0.0,0.0,0.0,0.0,0.0,0.0,0.0,0.0,0.0,0.0,0.0,0.0,0.0,0.0,0.0,0.0,0.0,0.0,0.0,0.0,0.0,0.0,0.0,0.0,0.0,0.0,23,9,23,0
1.921E14,1.922E14,1.923E14,1.924E14,1.925E14,1.926E14,1.927E14,1.928E14,0.0,0.0,0.0,0.0,0.0,0.0,0.0,0.0,0.0,0.0,0.0,0.0,0.0,0.0,0.0,0.0,0.0,0.0,0.0,0.0,0.0,0.0,0.0,0.0,0.0,0.0,0.0,0.0,0.0,0.0,0.0,0.0,23,9,22,0
1.921E14,1.922E14,1.923E14,1.924E14,1.925E14,1.926E14,1.927E14,1.928E14,0.0,0.0,0.0,0.0,0.0,0.0,0.0,0.0,0.0,0.0,0.0,0.0,0.0,0.0,0.0,0.0,0.0,0.0,0.0,0.0,0.0,0.0,0.0,0.0,0.0,0.0,0.0,0.0,0.0,0.0,0.0,0.0,23,10,24,0
1.921E14,1.922E14,1.923E14,1.924E14,1.925E14,1.926E14,1.927E14,1.928E14,0.0,0.0,0.0,0.0,0.0,0.0,0.0,0.0,0.0,0.0,0.0,0.0,0.0,0.0,0.0,0.0,0.0,0.0,0.0,0.0,0.0,0.0,0.0,0.0,0.0,0.0,0.0,0.0,0.0,0.0,0.0,0.0,23,10,23,0
1.921E14,1.922E14,1.923E14,1.924E14,1.925E14,1.926E14,1.927E14,1.928E14,0.0,0.0,0.0,0.0,0.0,0.0,0.0,0.0,0.0,0.0,0.0,0.0,0.0,0.0,0.0,0.0,0.0,0.0,0.0,0.0,0.0,0.0,0.0,0.0,0.0,0.0,0.0,0.0,0.0,0.0,0.0,0.0,23,11,24,0
1.921E14,1.922E14,1.923E14,1.924E14,1.925E14,1.926E14,1.927E14,1.928E14,0.0,0.0,0.0,0.0,0.0,0.0,0.0,0.0,0.0,0.0,0.0,0.0,0.0,0.0,0.0,0.0,0.0,0.0,0.0,0.0,0.0,0.0,0.0,0.0,0.0,0.0,0.0,0.0,0.0,0.0,0.0,0.0,22,3,24,4
1.921E14,1.922E14,1.923E14,1.924E14,1.925E14,1.926E14,1.927E14,1.928E14,0.0,0.0,0.0,0.0,0.0,0.0,0.0,0.0,0.0,0.0,0.0,0.0,0.0,0.0,0.0,0.0,0.0,0.0,0.0,0.0,0.0,0.0,0.0,0.0,0.0,0.0,0.0,0.0,0.0,0.0,0.0,0.0,22,5,24,0
1.921E14,1.922E14,1.923E14,1.924E14,1.925E14,1.926E14,1.927E14,1.928E14,1.929E14,0.0,0.0,0.0,0.0,0.0,0.0,0.0,0.0,0.0,0.0,0.0,0.0,0.0,0.0,0.0,0.0,0.0,0.0,0.0,0.0,0.0,0.0,0.0,0.0,0.0,0.0,0.0,0.0,0.0,0.0,0.0,24,4,24,0
1.921E14,1.922E14,1.923E14,1.924E14,1.925E14,1.926E14,1.927E14,1.928E14,1.929E14,0.0,0.0,0.0,0.0,0.0,0.0,0.0,0.0,0.0,0.0,0.0,0.0,0.0,0.0,0.0,0.0,0.0,0.0,0.0,0.0,0.0,0.0,0.0,0.0,0.0,0.0,0.0,0.0,0.0,0.0,0.0,24,6,24,0
1.921E14,1.922E14,1.923E14,1.924E14,1.925E14,1.926E14,1.927E14,1.928E14,1.929E14,0.0,0.0,0.0,0.0,0.0,0.0,0.0,0.0,0.0,0.0,0.0,0.0,0.0,0.0,0.0,0.0,0.0,0.0,0.0,0.0,0.0,0.0,0.0,0.0,0.0,0.0,0.0,0.0,0.0,0.0,0.0,24,7,24,1
1.921E14,1.922E14,1.923E14,1.924E14,1.925E14,1.926E14,1.927E14,1.928E14,1.929E14,0.0,0.0,0.0,0.0,0.0,0.0,0.0,0.0,0.0,0.0,0.0,0.0,0.0,0.0,0.0,0.0,0.0,0.0,0.0,0.0,0.0,0.0,0.0,0.0,0.0,0.0,0.0,0.0,0.0,0.0,0.0,24,8,24,0
1.921E14,1.922E14,1.923E14,1.924E14,1.925E14,1.926E14,1.927E14,1.928E14,1.929E14,0.0,0.0,0.0,0.0,0.0,0.0,0.0,0.0,0.0,0.0,0.0,0.0,0.0,0.0,0.0,0.0,0.0,0.0,0.0,0.0,0.0,0.0,0.0,0.0,0.0,0.0,0.0,0.0,0.0,0.0,0.0,24,8,23,1
1.921E14,1.922E14,1.923E14,1.924E14,1.925E14,1.926E14,1.927E14,1.928E14,1.929E14,0.0,0.0,0.0,0.0,0.0,0.0,0.0,0.0,0.0,0.0,0.0,0.0,0.0,0.0,0.0,0.0,0.0,0.0,0.0,0.0,0.0,0.0,0.0,0.0,0.0,0.0,0.0,0.0,0.0,0.0,0.0,24,9,24,1
1.921E14,1.922E14,1.923E14,1.924E14,1.925E14,1.926E14,1.927E14,1.928E14,1.929E14,0.0,0.0,0.0,0.0,0.0,0.0,0.0,0.0,0.0,0.0,0.0,0.0,0.0,0.0,0.0,0.0,0.0,0.0,0.0,0.0,0.0,0.0,0.0,0.0,0.0,0.0,0.0,0.0,0.0,0.0,0.0,24,9,23,1
1.921E14,1.922E14,1.923E14,1.924E14,1.925E14,1.926E14,1.927E14,1.928E14,1.929E14,0.0,0.0,0.0,0.0,0.0,0.0,0.0,0.0,0.0,0.0,0.0,0.0,0.0,0.0,0.0,0.0,0.0,0.0,0.0,0.0,0.0,0.0,0.0,0.0,0.0,0.0,0.0,0.0,0.0,0.0,0.0,24,9,22,1
1.921E14,1.922E14,1.923E14,1.924E14,1.925E14,1.926E14,1.927E14,1.928E14,1.929E14,0.0,0.0,0.0,0.0,0.0,0.0,0.0,0.0,0.0,0.0,0.0,0.0,0.0,0.0,0.0,0.0,0.0,0.0,0.0,0.0,0.0,0.0,0.0,0.0,0.0,0.0,0.0,0.0,0.0,0.0,0.0,24,10,24,0
1.921E14,1.922E14,1.923E14,1.924E14,1.925E14,1.926E14,1.927E14,1.928E14,1.929E14,0.0,0.0,0.0,0.0,0.0,0.0,0.0,0.0,0.0,0.0,0.0,0.0,0.0,0.0,0.0,0.0,0.0,0.0,0.0,0.0,0.0,0.0,0.0,0.0,0.0,0.0,0.0,0.0,0.0,0.0,0.0,24,10,23,0
1.921E14,1.922E14,1.923E14,1.924E14,1.925E14,1.926E14,1.927E14,1.928E14,1.929E14,0.0,0.0,0.0,0.0,0.0,0.0,0.0,0.0,0.0,0.0,0.0,0.0,0.0,0.0,0.0,0.0,0.0,0.0,0.0,0.0,0.0,0.0,0.0,0.0,0.0,0.0,0.0,0.0,0.0,0.0,0.0,24,10,22,0
1.921E14,1.922E14,1.923E14,1.924E14,1.925E14,1.926E14,1.927E14,1.928E14,1.929E14,0.0,0.0,0.0,0.0,0.0,0.0,0.0,0.0,0.0,0.0,0.0,0.0,0.0,0.0,0.0,0.0,0.0,0.0,0.0,0.0,0.0,0.0,0.0,0.0,0.0,0.0,0.0,0.0,0.0,0.0,0.0,24,11,24,0
1.921E14,1.922E14,1.923E14,1.924E14,1.925E14,1.926E14,1.927E14,1.928E14,1.929E14,0.0,0.0,0.0,0.0,0.0,0.0,0.0,0.0,0.0,0.0,0.0,0.0,0.0,0.0,0.0,0.0,0.0,0.0,0.0,0.0,0.0,0.0,0.0,0.0,0.0,0.0,0.0,0.0,0.0,0.0,0.0,24,11,23,0
1.921E14,1.922E14,1.923E14,1.924E14,1.925E14,1.926E14,1.927E14,1.928E14,1.929E14,0.0,0.0,0.0,0.0,0.0,0.0,0.0,0.0,0.0,0.0,0.0,0.0,0.0,0.0,0.0,0.0,0.0,0.0,0.0,0.0,0.0,0.0,0.0,0.0,0.0,0.0,0.0,0.0,0.0,0.0,0.0,24,12,24,0
1.921E14,1.922E14,1.923E14,1.924E14,1.925E14,1.926E14,1.927E14,1.928E14,1.929E14,0.0,0.0,0.0,0.0,0.0,0.0,0.0,0.0,0.0,0.0,0.0,0.0,0.0,0.0,0.0,0.0,0.0,0.0,0.0,0.0,0.0,0.0,0.0,0.0,0.0,0.0,0.0,0.0,0.0,0.0,0.0,23,3,24,1
1.921E14,1.922E14,1.923E14,1.924E14,1.925E14,1.926E14,1.927E14,1.928E14,1.929E14,0.0,0.0,0.0,0.0,0.0,0.0,0.0,0.0,0.0,0.0,0.0,0.0,0.0,0.0,0.0,0.0,0.0,0.0,0.0,0.0,0.0,0.0,0.0,0.0,0.0,0.0,0.0,0.0,0.0,0.0,0.0,23,7,24,1
1.921E14,1.922E14,1.923E14,1.924E14,1.925E14,1.926E14,1.927E14,1.928E14,1.929E14,0.0,0.0,0.0,0.0,0.0,0.0,0.0,0.0,0.0,0.0,0.0,0.0,0.0,0.0,0.0,0.0,0.0,0.0,0.0,0.0,0.0,0.0,0.0,0.0,0.0,0.0,0.0,0.0,0.0,0.0,0.0,23,7,23,0
1.921E14,1.922E14,1.923E14,1.924E14,1.925E14,1.926E14,1.927E14,1.928E14,1.929E14,0.0,0.0,0.0,0.0,0.0,0.0,0.0,0.0,0.0,0.0,0.0,0.0,0.0,0.0,0.0,0.0,0.0,0.0,0.0,0.0,0.0,0.0,0.0,0.0,0.0,0.0,0.0,0.0,0.0,0.0,0.0,23,8,24,0
1.921E14,1.922E14,1.923E14,1.924E14,1.925E14,1.926E14,1.927E14,1.928E14,1.929E14,0.0,0.0,0.0,0.0,0.0,0.0,0.0,0.0,0.0,0.0,0.0,0.0,0.0,0.0,0.0,0.0,0.0,0.0,0.0,0.0,0.0,0.0,0.0,0.0,0.0,0.0,0.0,0.0,0.0,0.0,0.0,23,8,23,0
1.921E14,1.922E14,1.923E14,1.924E14,1.925E14,1.926E14,1.927E14,1.928E14,1.929E14,0.0,0.0,0.0,0.0,0.0,0.0,0.0,0.0,0.0,0.0,0.0,0.0,0.0,0.0,0.0,0.0,0.0,0.0,0.0,0.0,0.0,0.0,0.0,0.0,0.0,0.0,0.0,0.0,0.0,0.0,0.0,23,8,22,0
1.921E14,1.922E14,1.923E14,1.924E14,1.925E14,1.926E14,1.927E14,1.928E14,1.929E14,0.0,0.0,0.0,0.0,0.0,0.0,0.0,0.0,0.0,0.0,0.0,0.0,0.0,0.0,0.0,0.0,0.0,0.0,0.0,0.0,0.0,0.0,0.0,0.0,0.0,0.0,0.0,0.0,0.0,0.0,0.0,23,9,24,1
1.921E14,1.922E14,1.923E14,1.924E14,1.925E14,1.926E14,1.927E14,1.928E14,1.929E14,0.0,0.0,0.0,0.0,0.0,0.0,0.0,0.0,0.0,0.0,0.0,0.0,0.0,0.0,0.0,0.0,0.0,0.0,0.0,0.0,0.0,0.0,0.0,0.0,0.0,0.0,0.0,0.0,0.0,0.0,0.0,23,9,23,1
1.921E14,1.922E14,1.923E14,1.924E14,1.925E14,1.926E14,1.927E14,1.928E14,1.929E14,0.0,0.0,0.0,0.0,0.0,0.0,0.0,0.0,0.0,0.0,0.0,0.0,0.0,0.0,0.0,0.0,0.0,0.0,0.0,0.0,0.0,0.0,0.0,0.0,0.0,0.0,0.0,0.0,0.0,0.0,0.0,23,9,22,0
1.921E14,1.922E14,1.923E14,1.924E14,1.925E14,1.926E14,1.927E14,1.928E14,1.929E14,0.0,0.0,0.0,0.0,0.0,0.0,0.0,0.0,0.0,0.0,0.0,0.0,0.0,0.0,0.0,0.0,0.0,0.0,0.0,0.0,0.0,0.0,0.0,0.0,0.0,0.0,0.0,0.0,0.0,0.0,0.0,23,10,24,0
1.921E14,1.922E14,1.923E14,1.924E14,1.925E14,1.926E14,1.927E14,1.928E14,1.929E14,0.0,0.0,0.0,0.0,0.0,0.0,0.0,0.0,0.0,0.0,0.0,0.0,0.0,0.0,0.0,0.0,0.0,0.0,0.0,0.0,0.0,0.0,0.0,0.0,0.0,0.0,0.0,0.0,0.0,0.0,0.0,23,10,23,0
1.921E14,1.922E14,1.923E14,1.924E14,1.925E14,1.926E14,1.927E14,1.928E14,1.929E14,0.0,0.0,0.0,0.0,0.0,0.0,0.0,0.0,0.0,0.0,0.0,0.0,0.0,0.0,0.0,0.0,0.0,0.0,0.0,0.0,0.0,0.0,0.0,0.0,0.0,0.0,0.0,0.0,0.0,0.0,0.0,23,11,24,0
1.921E14,1.922E14,1.923E14,1.924E14,1.925E14,1.926E14,1.927E14,1.928E14,1.929E14,0.0,0.0,0.0,0.0,0.0,0.0,0.0,0.0,0.0,0.0,0.0,0.0,0.0,0.0,0.0,0.0,0.0,0.0,0.0,0.0,0.0,0.0,0.0,0.0,0.0,0.0,0.0,0.0,0.0,0.0,0.0,22,3,24,1
1.921E14,1.922E14,1.923E14,1.924E14,1.925E14,1.926E14,1.927E14,1.928E14,1.929E14,0.0,0.0,0.0,0.0,0.0,0.0,0.0,0.0,0.0,0.0,0.0,0.0,0.0,0.0,0.0,0.0,0.0,0.0,0.0,0.0,0.0,0.0,0.0,0.0,0.0,0.0,0.0,0.0,0.0,0.0,0.0,22,6,24,0
1.921E14,1.922E14,1.923E14,1.924E14,1.925E14,1.926E14,1.927E14,1.928E14,1.929E14,0.0,0.0,0.0,0.0,0.0,0.0,0.0,0.0,0.0,0.0,0.0,0.0,0.0,0.0,0.0,0.0,0.0,0.0,0.0,0.0,0.0,0.0,0.0,0.0,0.0,0.0,0.0,0.0,0.0,0.0,0.0,22,6,23,0
1.921E14,1.922E14,1.923E14,1.924E14,1.925E14,1.926E14,1.927E14,1.928E14,1.929E14,0.0,0.0,0.0,0.0,0.0,0.0,0.0,0.0,0.0,0.0,0.0,0.0,0.0,0.0,0.0,0.0,0.0,0.0,0.0,0.0,0.0,0.0,0.0,0.0,0.0,0.0,0.0,0.0,0.0,0.0,0.0,22,7,24,1
1.921E14,1.922E14,1.923E14,1.924E14,1.925E14,1.926E14,1.927E14,1.928E14,1.929E14,1.93E14,0.0,0.0,0.0,0.0,0.0,0.0,0.0,0.0,0.0,0.0,0.0,0.0,0.0,0.0,0.0,0.0,0.0,0.0,0.0,0.0,0.0,0.0,0.0,0.0,0.0,0.0,0.0,0.0,0.0,0.0,24,4,24,0
1.921E14,1.922E14,1.923E14,1.924E14,1.925E14,1.926E14,1.927E14,1.928E14,1.929E14,1.93E14,0.0,0.0,0.0,0.0,0.0,0.0,0.0,0.0,0.0,0.0,0.0,0.0,0.0,0.0,0.0,0.0,0.0,0.0,0.0,0.0,0.0,0.0,0.0,0.0,0.0,0.0,0.0,0.0,0.0,0.0,24,5,24,0
1.921E14,1.922E14,1.923E14,1.924E14,1.925E14,1.926E14,1.927E14,1.928E14,1.929E14,1.93E14,0.0,0.0,0.0,0.0,0.0,0.0,0.0,0.0,0.0,0.0,0.0,0.0,0.0,0.0,0.0,0.0,0.0,0.0,0.0,0.0,0.0,0.0,0.0,0.0,0.0,0.0,0.0,0.0,0.0,0.0,24,6,24,1
1.921E14,1.922E14,1.923E14,1.924E14,1.925E14,1.926E14,1.927E14,1.928E14,1.929E14,1.93E14,0.0,0.0,0.0,0.0,0.0,0.0,0.0,0.0,0.0,0.0,0.0,0.0,0.0,0.0,0.0,0.0,0.0,0.0,0.0,0.0,0.0,0.0,0.0,0.0,0.0,0.0,0.0,0.0,0.0,0.0,24,6,23,1
1.921E14,1.922E14,1.923E14,1.924E14,1.925E14,1.926E14,1.927E14,1.928E14,1.929E14,1.93E14,0.0,0.0,0.0,0.0,0.0,0.0,0.0,0.0,0.0,0.0,0.0,0.0,0.0,0.0,0.0,0.0,0.0,0.0,0.0,0.0,0.0,0.0,0.0,0.0,0.0,0.0,0.0,0.0,0.0,0.0,24,7,24,0
1.921E14,1.922E14,1.923E14,1.924E14,1.925E14,1.926E14,1.927E14,1.928E14,1.929E14,1.93E14,0.0,0.0,0.0,0.0,0.0,0.0,0.0,0.0,0.0,0.0,0.0,0.0,0.0,0.0,0.0,0.0,0.0,0.0,0.0,0.0,0.0,0.0,0.0,0.0,0.0,0.0,0.0,0.0,0.0,0.0,24,7,23,0
1.921E14,1.922E14,1.923E14,1.924E14,1.925E14,1.926E14,1.927E14,1.928E14,1.929E14,1.93E14,0.0,0.0,0.0,0.0,0.0,0.0,0.0,0.0,0.0,0.0,0.0,0.0,0.0,0.0,0.0,0.0,0.0,0.0,0.0,0.0,0.0,0.0,0.0,0.0,0.0,0.0,0.0,0.0,0.0,0.0,24,8,24,1
1.921E14,1.922E14,1.923E14,1.924E14,1.925E14,1.926E14,1.927E14,1.928E14,1.929E14,1.93E14,0.0,0.0,0.0,0.0,0.0,0.0,0.0,0.0,0.0,0.0,0.0,0.0,0.0,0.0,0.0,0.0,0.0,0.0,0.0,0.0,0.0,0.0,0.0,0.0,0.0,0.0,0.0,0.0,0.0,0.0,24,8,23,0
1.921E14,1.922E14,1.923E14,1.924E14,1.925E14,1.926E14,1.927E14,1.928E14,1.929E14,1.93E14,0.0,0.0,0.0,0.0,0.0,0.0,0.0,0.0,0.0,0.0,0.0,0.0,0.0,0.0,0.0,0.0,0.0,0.0,0.0,0.0,0.0,0.0,0.0,0.0,0.0,0.0,0.0,0.0,0.0,0.0,24,8,22,0
1.921E14,1.922E14,1.923E14,1.924E14,1.925E14,1.926E14,1.927E14,1.928E14,1.929E14,1.93E14,0.0,0.0,0.0,0.0,0.0,0.0,0.0,0.0,0.0,0.0,0.0,0.0,0.0,0.0,0.0,0.0,0.0,0.0,0.0,0.0,0.0,0.0,0.0,0.0,0.0,0.0,0.0,0.0,0.0,0.0,24,9,24,0
1.921E14,1.922E14,1.923E14,1.924E14,1.925E14,1.926E14,1.927E14,1.928E14,1.929E14,1.93E14,0.0,0.0,0.0,0.0,0.0,0.0,0.0,0.0,0.0,0.0,0.0,0.0,0.0,0.0,0.0,0.0,0.0,0.0,0.0,0.0,0.0,0.0,0.0,0.0,0.0,0.0,0.0,0.0,0.0,0.0,24,9,23,1
1.921E14,1.922E14,1.923E14,1.924E14,1.925E14,1.926E14,1.927E14,1.928E14,1.929E14,1.93E14,0.0,0.0,0.0,0.0,0.0,0.0,0.0,0.0,0.0,0.0,0.0,0.0,0.0,0.0,0.0,0.0,0.0,0.0,0.0,0.0,0.0,0.0,0.0,0.0,0.0,0.0,0.0,0.0,0.0,0.0,24,9,22,0
1.921E14,1.922E14,1.923E14,1.924E14,1.925E14,1.926E14,1.927E14,1.928E14,1.929E14,1.93E14,0.0,0.0,0.0,0.0,0.0,0.0,0.0,0.0,0.0,0.0,0.0,0.0,0.0,0.0,0.0,0.0,0.0,0.0,0.0,0.0,0.0,0.0,0.0,0.0,0.0,0.0,0.0,0.0,0.0,0.0,24,10,24,0
1.921E14,1.922E14,1.923E14,1.924E14,1.925E14,1.926E14,1.927E14,1.928E14,1.929E14,1.93E14,0.0,0.0,0.0,0.0,0.0,0.0,0.0,0.0,0.0,0.0,0.0,0.0,0.0,0.0,0.0,0.0,0.0,0.0,0.0,0.0,0.0,0.0,0.0,0.0,0.0,0.0,0.0,0.0,0.0,0.0,24,10,23,1
1.921E14,1.922E14,1.923E14,1.924E14,1.925E14,1.926E14,1.927E14,1.928E14,1.929E14,1.93E14,0.0,0.0,0.0,0.0,0.0,0.0,0.0,0.0,0.0,0.0,0.0,0.0,0.0,0.0,0.0,0.0,0.0,0.0,0.0,0.0,0.0,0.0,0.0,0.0,0.0,0.0,0.0,0.0,0.0,0.0,24,10,22,0
1.921E14,1.922E14,1.923E14,1.924E14,1.925E14,1.926E14,1.927E14,1.928E14,1.929E14,1.93E14,0.0,0.0,0.0,0.0,0.0,0.0,0.0,0.0,0.0,0.0,0.0,0.0,0.0,0.0,0.0,0.0,0.0,0.0,0.0,0.0,0.0,0.0,0.0,0.0,0.0,0.0,0.0,0.0,0.0,0.0,24,11,24,1
1.921E14,1.922E14,1.923E14,1.924E14,1.925E14,1.926E14,1.927E14,1.928E14,1.929E14,1.93E14,0.0,0.0,0.0,0.0,0.0,0.0,0.0,0.0,0.0,0.0,0.0,0.0,0.0,0.0,0.0,0.0,0.0,0.0,0.0,0.0,0.0,0.0,0.0,0.0,0.0,0.0,0.0,0.0,0.0,0.0,24,11,23,0
1.921E14,1.922E14,1.923E14,1.924E14,1.925E14,1.926E14,1.927E14,1.928E14,1.929E14,1.93E14,0.0,0.0,0.0,0.0,0.0,0.0,0.0,0.0,0.0,0.0,0.0,0.0,0.0,0.0,0.0,0.0,0.0,0.0,0.0,0.0,0.0,0.0,0.0,0.0,0.0,0.0,0.0,0.0,0.0,0.0,24,12,24,0
1.921E14,1.922E14,1.923E14,1.924E14,1.925E14,1.926E14,1.927E14,1.928E14,1.929E14,1.93E14,0.0,0.0,0.0,0.0,0.0,0.0,0.0,0.0,0.0,0.0,0.0,0.0,0.0,0.0,0.0,0.0,0.0,0.0,0.0,0.0,0.0,0.0,0.0,0.0,0.0,0.0,0.0,0.0,0.0,0.0,23,3,24,0
1.921E14,1.922E14,1.923E14,1.924E14,1.925E14,1.926E14,1.927E14,1.928E14,1.929E14,1.93E14,0.0,0.0,0.0,0.0,0.0,0.0,0.0,0.0,0.0,0.0,0.0,0.0,0.0,0.0,0.0,0.0,0.0,0.0,0.0,0.0,0.0,0.0,0.0,0.0,0.0,0.0,0.0,0.0,0.0,0.0,23,4,24,0
1.921E14,1.922E14,1.923E14,1.924E14,1.925E14,1.926E14,1.927E14,1.928E14,1.929E14,1.93E14,0.0,0.0,0.0,0.0,0.0,0.0,0.0,0.0,0.0,0.0,0.0,0.0,0.0,0.0,0.0,0.0,0.0,0.0,0.0,0.0,0.0,0.0,0.0,0.0,0.0,0.0,0.0,0.0,0.0,0.0,23,5,24,3
1.921E14,1.922E14,1.923E14,1.924E14,1.925E14,1.926E14,1.927E14,1.928E14,1.929E14,1.93E14,0.0,0.0,0.0,0.0,0.0,0.0,0.0,0.0,0.0,0.0,0.0,0.0,0.0,0.0,0.0,0.0,0.0,0.0,0.0,0.0,0.0,0.0,0.0,0.0,0.0,0.0,0.0,0.0,0.0,0.0,23,5,23,0
1.921E14,1.922E14,1.923E14,1.924E14,1.925E14,1.926E14,1.927E14,1.928E14,1.929E14,1.93E14,0.0,0.0,0.0,0.0,0.0,0.0,0.0,0.0,0.0,0.0,0.0,0.0,0.0,0.0,0.0,0.0,0.0,0.0,0.0,0.0,0.0,0.0,0.0,0.0,0.0,0.0,0.0,0.0,0.0,0.0,23,6,24,0
1.921E14,1.922E14,1.923E14,1.924E14,1.925E14,1.926E14,1.927E14,1.928E14,1.929E14,1.93E14,0.0,0.0,0.0,0.0,0.0,0.0,0.0,0.0,0.0,0.0,0.0,0.0,0.0,0.0,0.0,0.0,0.0,0.0,0.0,0.0,0.0,0.0,0.0,0.0,0.0,0.0,0.0,0.0,0.0,0.0,23,6,23,0
1.921E14,1.922E14,1.923E14,1.924E14,1.925E14,1.926E14,1.927E14,1.928E14,1.929E14,1.93E14,0.0,0.0,0.0,0.0,0.0,0.0,0.0,0.0,0.0,0.0,0.0,0.0,0.0,0.0,0.0,0.0,0.0,0.0,0.0,0.0,0.0,0.0,0.0,0.0,0.0,0.0,0.0,0.0,0.0,0.0,23,7,24,0
1.921E14,1.922E14,1.923E14,1.924E14,1.925E14,1.926E14,1.927E14,1.928E14,1.929E14,1.93E14,0.0,0.0,0.0,0.0,0.0,0.0,0.0,0.0,0.0,0.0,0.0,0.0,0.0,0.0,0.0,0.0,0.0,0.0,0.0,0.0,0.0,0.0,0.0,0.0,0.0,0.0,0.0,0.0,0.0,0.0,23,7,23,1
1.921E14,1.922E14,1.923E14,1.924E14,1.925E14,1.926E14,1.927E14,1.928E14,1.929E14,1.93E14,0.0,0.0,0.0,0.0,0.0,0.0,0.0,0.0,0.0,0.0,0.0,0.0,0.0,0.0,0.0,0.0,0.0,0.0,0.0,0.0,0.0,0.0,0.0,0.0,0.0,0.0,0.0,0.0,0.0,0.0,23,8,24,0
1.921E14,1.922E14,1.923E14,1.924E14,1.925E14,1.926E14,1.927E14,1.928E14,1.929E14,1.93E14,0.0,0.0,0.0,0.0,0.0,0.0,0.0,0.0,0.0,0.0,0.0,0.0,0.0,0.0,0.0,0.0,0.0,0.0,0.0,0.0,0.0,0.0,0.0,0.0,0.0,0.0,0.0,0.0,0.0,0.0,23,8,23,0
1.921E14,1.922E14,1.923E14,1.924E14,1.925E14,1.926E14,1.927E14,1.928E14,1.929E14,1.93E14,0.0,0.0,0.0,0.0,0.0,0.0,0.0,0.0,0.0,0.0,0.0,0.0,0.0,0.0,0.0,0.0,0.0,0.0,0.0,0.0,0.0,0.0,0.0,0.0,0.0,0.0,0.0,0.0,0.0,0.0,23,8,22,0
1.921E14,1.922E14,1.923E14,1.924E14,1.925E14,1.926E14,1.927E14,1.928E14,1.929E14,1.93E14,1.931E14,1.932E14,1.933E14,1.934E14,1.935E14,0.0,0.0,0.0,0.0,0.0,0.0,0.0,0.0,0.0,0.0,0.0,0.0,0.0,0.0,0.0,0.0,0.0,0.0,0.0,0.0,0.0,0.0,0.0,0.0,0.0,24,4,24,0
1.921E14,1.922E14,1.923E14,1.924E14,1.925E14,1.926E14,1.927E14,1.928E14,1.929E14,1.93E14,1.931E14,1.932E14,1.933E14,1.934E14,1.935E14,0.0,0.0,0.0,0.0,0.0,0.0,0.0,0.0,0.0,0.0,0.0,0.0,0.0,0.0,0.0,0.0,0.0,0.0,0.0,0.0,0.0,0.0,0.0,0.0,0.0,24,3,24,5
1.921E14,1.922E14,1.923E14,1.924E14,1.925E14,1.926E14,1.927E14,1.928E14,1.929E14,1.93E14,1.931E14,1.932E14,1.933E14,1.934E14,1.935E14,0.0,0.0,0.0,0.0,0.0,0.0,0.0,0.0,0.0,0.0,0.0,0.0,0.0,0.0,0.0,0.0,0.0,0.0,0.0,0.0,0.0,0.0,0.0,0.0,0.0,24,3,23,0
1.921E14,1.922E14,1.923E14,1.924E14,1.925E14,1.926E14,1.927E14,1.928E14,1.929E14,1.93E14,1.931E14,1.932E14,1.933E14,1.934E14,1.935E14,0.0,0.0,0.0,0.0,0.0,0.0,0.0,0.0,0.0,0.0,0.0,0.0,0.0,0.0,0.0,0.0,0.0,0.0,0.0,0.0,0.0,0.0,0.0,0.0,0.0,24,2,23,0
1.921E14,1.922E14,1.923E14,1.924E14,1.925E14,1.926E14,1.927E14,1.928E14,1.929E14,1.93E14,1.931E14,1.932E14,1.933E14,1.934E14,1.935E14,0.0,0.0,0.0,0.0,0.0,0.0,0.0,0.0,0.0,0.0,0.0,0.0,0.0,0.0,0.0,0.0,0.0,0.0,0.0,0.0,0.0,0.0,0.0,0.0,0.0,24,2,22,0
1.921E14,1.922E14,1.923E14,1.924E14,1.925E14,1.926E14,1.927E14,1.928E14,1.929E14,1.93E14,1.931E14,1.932E14,1.933E14,1.934E14,1.935E14,1.936E14,1.937E14,1.938E14,1.939E14,1.94E14,0.0,0.0,0.0,0.0,0.0,0.0,0.0,0.0,0.0,0.0,0.0,0.0,0.0,0.0,0.0,0.0,0.0,0.0,0.0,0.0,24,4,24,0
1.921E14,1.922E14,1.923E14,1.924E14,1.925E14,1.926E14,1.927E14,1.928E14,1.929E14,1.93E14,1.931E14,1.932E14,1.933E14,1.934E14,1.935E14,1.936E14,1.937E14,1.938E14,1.939E14,1.94E14,0.0,0.0,0.0,0.0,0.0,0.0,0.0,0.0,0.0,0.0,0.0,0.0,0.0,0.0,0.0,0.0,0.0,0.0,0.0,0.0,24,5,24,3
1.921E14,1.922E14,1.923E14,1.924E14,1.925E14,1.926E14,1.927E14,1.928E14,1.929E14,1.93E14,1.931E14,1.932E14,1.933E14,1.934E14,1.935E14,1.936E14,1.937E14,1.938E14,1.939E14,1.94E14,0.0,0.0,0.0,0.0,0.0,0.0,0.0,0.0,0.0,0.0,0.0,0.0,0.0,0.0,0.0,0.0,0.0,0.0,0.0,0.0,24,6,24,1
1.921E14,1.922E14,1.923E14,1.924E14,1.925E14,1.926E14,1.927E14,1.928E14,1.929E14,1.93E14,1.931E14,1.932E14,1.933E14,1.934E14,1.935E14,1.936E14,1.937E14,1.938E14,1.939E14,1.94E14,0.0,0.0,0.0,0.0,0.0,0.0,0.0,0.0,0.0,0.0,0.0,0.0,0.0,0.0,0.0,0.0,0.0,0.0,0.0,0.0,24,7,24,3
1.921E14,1.922E14,1.923E14,1.924E14,1.925E14,1.926E14,1.927E14,1.928E14,1.929E14,1.93E14,1.931E14,1.932E14,1.933E14,1.934E14,1.935E14,1.936E14,1.937E14,1.938E14,1.939E14,1.94E14,0.0,0.0,0.0,0.0,0.0,0.0,0.0,0.0,0.0,0.0,0.0,0.0,0.0,0.0,0.0,0.0,0.0,0.0,0.0,0.0,24,8,24,0
1.921E14,1.922E14,1.923E14,1.924E14,1.925E14,1.926E14,1.927E14,1.928E14,1.929E14,1.93E14,1.931E14,1.932E14,1.933E14,1.934E14,1.935E14,1.936E14,1.937E14,1.938E14,1.939E14,1.94E14,0.0,0.0,0.0,0.0,0.0,0.0,0.0,0.0,0.0,0.0,0.0,0.0,0.0,0.0,0.0,0.0,0.0,0.0,0.0,0.0,24,9,24,0
1.921E14,1.922E14,1.923E14,1.924E14,1.925E14,1.926E14,1.927E14,1.928E14,1.929E14,1.93E14,1.931E14,1.932E14,1.933E14,1.934E14,1.935E14,1.936E14,1.937E14,1.938E14,1.939E14,1.94E14,0.0,0.0,0.0,0.0,0.0,0.0,0.0,0.0,0.0,0.0,0.0,0.0,0.0,0.0,0.0,0.0,0.0,0.0,0.0,0.0,24,10,24,0
1.921E14,1.922E14,1.923E14,1.924E14,1.925E14,1.926E14,1.927E14,1.928E14,1.929E14,1.93E14,1.931E14,1.932E14,1.933E14,1.934E14,1.935E14,1.936E14,1.937E14,1.938E14,1.939E14,1.94E14,0.0,0.0,0.0,0.0,0.0,0.0,0.0,0.0,0.0,0.0,0.0,0.0,0.0,0.0,0.0,0.0,0.0,0.0,0.0,0.0,24,11,24,0
1.921E14,1.922E14,1.923E14,1.924E14,1.925E14,1.926E14,1.927E14,1.928E14,1.929E14,1.93E14,1.931E14,1.932E14,1.933E14,1.934E14,1.935E14,1.936E14,1.937E14,1.938E14,1.939E14,1.94E14,0.0,0.0,0.0,0.0,0.0,0.0,0.0,0.0,0.0,0.0,0.0,0.0,0.0,0.0,0.0,0.0,0.0,0.0,0.0,0.0,24,12,24,0
1.921E14,1.922E14,1.923E14,1.924E14,1.925E14,1.926E14,1.927E14,1.928E14,1.929E14,1.93E14,1.931E14,1.932E14,1.933E14,1.934E14,1.935E14,1.936E14,1.937E14,1.938E14,1.939E14,1.94E14,0.0,0.0,0.0,0.0,0.0,0.0,0.0,0.0,0.0,0.0,0.0,0.0,0.0,0.0,0.0,0.0,0.0,0.0,0.0,0.0,23,4,24,0
1.921E14,1.922E14,1.923E14,1.924E14,1.925E14,1.926E14,1.927E14,1.928E14,1.929E14,1.93E14,1.931E14,1.932E14,1.933E14,1.934E14,1.935E14,1.936E14,1.937E14,1.938E14,1.939E14,1.94E14,0.0,0.0,0.0,0.0,0.0,0.0,0.0,0.0,0.0,0.0,0.0,0.0,0.0,0.0,0.0,0.0,0.0,0.0,0.0,0.0,23,5,24,3
1.921E14,1.922E14,1.923E14,1.924E14,1.925E14,1.926E14,1.927E14,1.928E14,1.929E14,1.93E14,1.931E14,1.932E14,1.933E14,1.934E14,1.935E14,1.936E14,1.937E14,1.938E14,1.939E14,1.94E14,0.0,0.0,0.0,0.0,0.0,0.0,0.0,0.0,0.0,0.0,0.0,0.0,0.0,0.0,0.0,0.0,0.0,0.0,0.0,0.0,23,6,24,0
1.921E14,1.922E14,1.923E14,1.924E14,1.925E14,1.926E14,1.927E14,1.928E14,1.929E14,1.93E14,1.931E14,1.932E14,1.933E14,1.934E14,1.935E14,1.936E14,1.937E14,1.938E14,1.939E14,1.94E14,0.0,0.0,0.0,0.0,0.0,0.0,0.0,0.0,0.0,0.0,0.0,0.0,0.0,0.0,0.0,0.0,0.0,0.0,0.0,0.0,23,7,24,0
1.921E14,1.922E14,1.923E14,1.924E14,1.925E14,1.926E14,1.927E14,1.928E14,1.929E14,1.93E14,1.931E14,1.932E14,1.933E14,1.934E14,1.935E14,1.936E14,1.937E14,1.938E14,1.939E14,1.94E14,0.0,0.0,0.0,0.0,0.0,0.0,0.0,0.0,0.0,0.0,0.0,0.0,0.0,0.0,0.0,0.0,0.0,0.0,0.0,0.0,23,8,24,0
1.921E14,1.922E14,1.923E14,1.924E14,1.925E14,1.926E14,1.927E14,1.928E14,1.929E14,1.93E14,1.931E14,1.932E14,1.933E14,1.934E14,1.935E14,1.936E14,1.937E14,1.938E14,1.939E14,1.94E14,0.0,0.0,0.0,0.0,0.0,0.0,0.0,0.0,0.0,0.0,0.0,0.0,0.0,0.0,0.0,0.0,0.0,0.0,0.0,0.0,23,9,24,0
1.921E14,1.922E14,1.923E14,1.924E14,1.925E14,1.926E14,1.927E14,1.928E14,1.929E14,1.93E14,1.931E14,1.932E14,1.933E14,1.934E14,1.935E14,1.936E14,1.937E14,1.938E14,1.939E14,1.94E14,0.0,0.0,0.0,0.0,0.0,0.0,0.0,0.0,0.0,0.0,0.0,0.0,0.0,0.0,0.0,0.0,0.0,0.0,0.0,0.0,23,10,24,0
1.921E14,1.922E14,1.923E14,1.924E14,1.925E14,1.926E14,1.927E14,1.928E14,1.929E14,1.93E14,1.931E14,1.932E14,1.933E14,1.934E14,1.935E14,1.936E14,1.937E14,1.938E14,1.939E14,1.94E14,0.0,0.0,0.0,0.0,0.0,0.0,0.0,0.0,0.0,0.0,0.0,0.0,0.0,0.0,0.0,0.0,0.0,0.0,0.0,0.0,23,11,24,0
1.921E14,1.922E14,1.923E14,1.924E14,1.925E14,1.926E14,1.927E14,1.928E14,1.929E14,1.93E14,1.931E14,1.932E14,1.933E14,1.934E14,1.935E14,1.936E14,1.937E14,1.938E14,1.939E14,1.94E14,0.0,0.0,0.0,0.0,0.0,0.0,0.0,0.0,0.0,0.0,0.0,0.0,0.0,0.0,0.0,0.0,0.0,0.0,0.0,0.0,22,3,24,0
1.921E14,1.922E14,1.923E14,1.924E14,1.925E14,1.926E14,1.927E14,1.928E14,1.929E14,1.93E14,1.931E14,1.932E14,1.933E14,1.934E14,1.935E14,1.936E14,1.937E14,1.938E14,1.939E14,1.94E14,0.0,0.0,0.0,0.0,0.0,0.0,0.0,0.0,0.0,0.0,0.0,0.0,0.0,0.0,0.0,0.0,0.0,0.0,0.0,0.0,22,4,24,0
1.921E14,1.922E14,1.923E14,1.924E14,1.925E14,1.926E14,1.927E14,1.928E14,1.929E14,1.93E14,1.931E14,1.932E14,1.933E14,1.934E14,1.935E14,1.936E14,1.937E14,1.938E14,1.939E14,1.94E14,0.0,0.0,0.0,0.0,0.0,0.0,0.0,0.0,0.0,0.0,0.0,0.0,0.0,0.0,0.0,0.0,0.0,0.0,0.0,0.0,22,5,24,0
1.921E14,1.922E14,1.923E14,1.924E14,1.925E14,1.926E14,1.927E14,1.928E14,1.929E14,1.93E14,1.931E14,1.932E14,1.933E14,1.934E14,1.935E14,1.936E14,1.937E14,1.938E14,1.939E14,1.94E14,0.0,0.0,0.0,0.0,0.0,0.0,0.0,0.0,0.0,0.0,0.0,0.0,0.0,0.0,0.0,0.0,0.0,0.0,0.0,0.0,22,6,24,3
1.921E14,1.922E14,1.923E14,1.924E14,1.925E14,1.926E14,1.927E14,1.928E14,1.929E14,1.93E14,1.931E14,1.932E14,1.933E14,1.934E14,1.935E14,1.936E14,1.937E14,1.938E14,1.939E14,1.94E14,0.0,0.0,0.0,0.0,0.0,0.0,0.0,0.0,0.0,0.0,0.0,0.0,0.0,0.0,0.0,0.0,0.0,0.0,0.0,0.0,22,7,24,0
1.921E14,1.922E14,1.923E14,1.924E14,1.925E14,1.926E14,1.927E14,1.928E14,1.929E14,1.93E14,1.931E14,1.932E14,1.933E14,1.934E14,1.935E14,1.936E14,1.937E14,1.938E14,1.939E14,1.94E14,0.0,0.0,0.0,0.0,0.0,0.0,0.0,0.0,0.0,0.0,0.0,0.0,0.0,0.0,0.0,0.0,0.0,0.0,0.0,0.0,22,8,24,0
1.921E14,1.922E14,1.923E14,1.924E14,1.925E14,1.926E14,1.927E14,1.928E14,1.929E14,1.93E14,1.931E14,1.932E14,1.933E14,1.934E14,1.935E14,1.936E14,1.937E14,1.938E14,1.939E14,1.94E14,0.0,0.0,0.0,0.0,0.0,0.0,0.0,0.0,0.0,0.0,0.0,0.0,0.0,0.0,0.0,0.0,0.0,0.0,0.0,0.0,22,9,24,0
1.921E14,1.922E14,1.923E14,1.924E14,1.925E14,1.926E14,1.927E14,1.928E14,1.929E14,1.93E14,1.931E14,1.932E14,1.933E14,1.934E14,1.935E14,1.936E14,1.937E14,1.938E14,1.939E14,1.94E14,1.941E14,1.942E14,1.943E14,1.944E14,1.945E14,1.946E14,1.947E14,1.948E14,1.949E14,1.95E14,0.0,0.0,0.0,0.0,0.0,0.0,0.0,0.0,0.0,0.0,24,6,24,1
1.921E14,1.922E14,1.923E14,1.924E14,1.925E14,1.926E14,1.927E14,1.928E14,1.929E14,1.93E14,1.931E14,1.932E14,1.933E14,1.934E14,1.935E14,1.936E14,1.937E14,1.938E14,1.939E14,1.94E14,1.941E14,1.942E14,1.943E14,1.944E14,1.945E14,1.946E14,1.947E14,1.948E14,1.949E14,1.95E14,0.0,0.0,0.0,0.0,0.0,0.0,0.0,0.0,0.0,0.0,24,5,23,0
1.921E14,1.922E14,1.923E14,1.924E14,1.925E14,1.926E14,1.927E14,1.928E14,1.929E14,1.93E14,1.931E14,1.932E14,1.933E14,1.934E14,1.935E14,1.936E14,1.937E14,1.938E14,1.939E14,1.94E14,1.941E14,1.942E14,1.943E14,1.944E14,1.945E14,1.946E14,1.947E14,1.948E14,1.949E14,1.95E14,0.0,0.0,0.0,0.0,0.0,0.0,0.0,0.0,0.0,0.0,24,4,22,0
1.921E14,1.922E14,1.923E14,1.924E14,1.925E14,1.926E14,1.927E14,1.928E14,1.929E14,1.93E14,1.931E14,1.932E14,1.933E14,1.934E14,1.935E14,1.936E14,1.937E14,1.938E14,1.939E14,1.94E14,1.941E14,1.942E14,1.943E14,1.944E14,1.945E14,1.946E14,1.947E14,1.948E14,1.949E14,1.95E14,0.0,0.0,0.0,0.0,0.0,0.0,0.0,0.0,0.0,0.0,24,5,22,1
1.921E14,1.922E14,1.923E14,1.924E14,1.925E14,1.926E14,1.927E14,1.928E14,1.929E14,1.93E14,1.931E14,1.932E14,1.933E14,1.934E14,1.935E14,1.936E14,1.937E14,1.938E14,1.939E14,1.94E14,1.941E14,1.942E14,1.943E14,1.944E14,1.945E14,1.946E14,1.947E14,1.948E14,1.949E14,1.95E14,0.0,0.0,0.0,0.0,0.0,0.0,0.0,0.0,0.0,0.0,24,3,21,0
1.921E14,1.922E14,1.923E14,1.924E14,1.925E14,1.926E14,1.927E14,1.928E14,1.929E14,1.93E14,1.931E14,1.932E14,1.933E14,1.934E14,1.935E14,1.936E14,1.937E14,1.938E14,1.939E14,1.94E14,1.941E14,1.942E14,1.943E14,1.944E14,1.945E14,1.946E14,1.947E14,1.948E14,1.949E14,1.95E14,0.0,0.0,0.0,0.0,0.0,0.0,0.0,0.0,0.0,0.0,24,4,21,1
1.921E14,1.922E14,1.923E14,1.924E14,1.925E14,1.926E14,1.927E14,1.928E14,1.929E14,1.93E14,1.931E14,1.932E14,1.933E14,1.934E14,1.935E14,1.936E14,1.937E14,1.938E14,1.939E14,1.94E14,1.941E14,1.942E14,1.943E14,1.944E14,1.945E14,1.946E14,1.947E14,1.948E14,1.949E14,1.95E14,0.0,0.0,0.0,0.0,0.0,0.0,0.0,0.0,0.0,0.0,24,5,21,4
1.921E14,1.922E14,1.923E14,1.924E14,1.925E14,1.926E14,1.927E14,1.928E14,1.929E14,1.93E14,1.931E14,1.932E14,1.933E14,1.934E14,1.935E14,1.936E14,1.937E14,1.938E14,1.939E14,1.94E14,1.941E14,1.942E14,1.943E14,1.944E14,1.945E14,1.946E14,1.947E14,1.948E14,1.949E14,1.95E14,0.0,0.0,0.0,0.0,0.0,0.0,0.0,0.0,0.0,0.0,24,3,20,0
1.921E14,1.922E14,1.923E14,1.924E14,1.925E14,1.926E14,1.927E14,1.928E14,1.929E14,1.93E14,1.931E14,1.932E14,1.933E14,1.934E14,1.935E14,1.936E14,1.937E14,1.938E14,1.939E14,1.94E14,1.941E14,1.942E14,1.943E14,1.944E14,1.945E14,1.946E14,1.947E14,1.948E14,1.949E14,1.95E14,0.0,0.0,0.0,0.0,0.0,0.0,0.0,0.0,0.0,0.0,24,4,20,0
1.921E14,1.922E14,1.923E14,1.924E14,1.925E14,1.926E14,1.927E14,1.928E14,1.929E14,1.93E14,1.931E14,1.932E14,1.933E14,1.934E14,1.935E14,1.936E14,1.937E14,1.938E14,1.939E14,1.94E14,1.941E14,1.942E14,1.943E14,1.944E14,1.945E14,1.946E14,1.947E14,1.948E14,1.949E14,1.95E14,0.0,0.0,0.0,0.0,0.0,0.0,0.0,0.0,0.0,0.0,24,2,19,1
1.921E14,1.922E14,1.923E14,1.924E14,1.925E14,1.926E14,1.927E14,1.928E14,1.929E14,1.93E14,1.931E14,1.932E14,1.933E14,1.934E14,1.935E14,1.936E14,1.937E14,1.938E14,1.939E14,1.94E14,1.941E14,1.942E14,1.943E14,1.944E14,1.945E14,1.946E14,1.947E14,1.948E14,1.949E14,1.95E14,0.0,0.0,0.0,0.0,0.0,0.0,0.0,0.0,0.0,0.0,24,3,19,1
1.921E14,1.922E14,1.923E14,1.924E14,1.925E14,1.926E14,1.927E14,1.928E14,1.929E14,1.93E14,1.931E14,1.932E14,1.933E14,1.934E14,1.935E14,1.936E14,1.937E14,1.938E14,1.939E14,1.94E14,1.941E14,1.942E14,1.943E14,1.944E14,1.945E14,1.946E14,1.947E14,1.948E14,1.949E14,1.95E14,0.0,0.0,0.0,0.0,0.0,0.0,0.0,0.0,0.0,0.0,24,5,20,0
1.921E14,1.922E14,1.923E14,1.924E14,1.925E14,1.926E14,1.927E14,1.928E14,1.929E14,1.93E14,1.931E14,1.932E14,1.933E14,1.934E14,1.935E14,1.936E14,1.937E14,1.938E14,1.939E14,1.94E14,1.941E14,1.942E14,1.943E14,1.944E14,1.945E14,1.946E14,1.947E14,1.948E14,1.949E14,1.95E14,0.0,0.0,0.0,0.0,0.0,0.0,0.0,0.0,0.0,0.0,24,4,19,0
1.921E14,1.922E14,1.923E14,1.924E14,1.925E14,1.926E14,1.927E14,1.928E14,1.929E14,1.93E14,1.931E14,1.932E14,1.933E14,1.934E14,1.935E14,1.936E14,1.937E14,1.938E14,1.939E14,1.94E14,1.941E14,1.942E14,1.943E14,1.944E14,1.945E14,1.946E14,1.947E14,1.948E14,1.949E14,1.95E14,0.0,0.0,0.0,0.0,0.0,0.0,0.0,0.0,0.0,0.0,24,3,18,1
1.921E14,1.922E14,1.923E14,1.924E14,1.925E14,1.926E14,1.927E14,1.928E14,1.929E14,1.93E14,1.931E14,1.932E14,1.933E14,1.934E14,1.935E14,1.936E14,1.937E14,1.938E14,1.939E14,1.94E14,1.941E14,1.942E14,1.943E14,1.944E14,1.945E14,1.946E14,1.947E14,1.948E14,1.949E14,1.95E14,0.0,0.0,0.0,0.0,0.0,0.0,0.0,0.0,0.0,0.0,24,6,20,0
1.921E14,1.922E14,1.923E14,1.924E14,1.925E14,1.926E14,1.927E14,1.928E14,1.929E14,1.93E14,1.931E14,1.932E14,1.933E14,1.934E14,1.935E14,1.936E14,1.937E14,1.938E14,1.939E14,1.94E14,1.941E14,1.942E14,1.943E14,1.944E14,1.945E14,1.946E14,1.947E14,1.948E14,1.949E14,1.95E14,0.0,0.0,0.0,0.0,0.0,0.0,0.0,0.0,0.0,0.0,24,5,19,0
1.921E14,1.922E14,1.923E14,1.924E14,1.925E14,1.926E14,1.927E14,1.928E14,1.929E14,1.93E14,1.931E14,1.932E14,1.933E14,1.934E14,1.935E14,1.936E14,1.937E14,1.938E14,1.939E14,1.94E14,1.941E14,1.942E14,1.943E14,1.944E14,1.945E14,1.946E14,1.947E14,1.948E14,1.949E14,1.95E14,0.0,0.0,0.0,0.0,0.0,0.0,0.0,0.0,0.0,0.0,24,4,18,0
1.921E14,1.922E14,1.923E14,1.924E14,1.925E14,1.926E14,1.927E14,1.928E14,1.929E14,1.93E14,1.931E14,1.932E14,1.933E14,1.934E14,1.935E14,1.936E14,1.937E14,1.938E14,1.939E14,1.94E14,1.941E14,1.942E14,1.943E14,1.944E14,1.945E14,1.946E14,1.947E14,1.948E14,1.949E14,1.95E14,0.0,0.0,0.0,0.0,0.0,0.0,0.0,0.0,0.0,0.0,24,3,17,0
1.921E14,1.922E14,1.923E14,1.924E14,1.925E14,1.926E14,1.927E14,1.928E14,1.929E14,1.93E14,1.931E14,1.932E14,1.933E14,1.934E14,1.935E14,1.936E14,1.937E14,1.938E14,1.939E14,1.94E14,1.941E14,1.942E14,1.943E14,1.944E14,1.945E14,1.946E14,1.947E14,1.948E14,1.949E14,1.95E14,0.0,0.0,0.0,0.0,0.0,0.0,0.0,0.0,0.0,0.0,24,2,16,0
1.921E14,1.922E14,1.923E14,1.924E14,1.925E14,1.926E14,1.927E14,1.928E14,1.929E14,1.93E14,1.931E14,1.932E14,1.933E14,1.934E14,1.935E14,1.936E14,1.937E14,1.938E14,1.939E14,1.94E14,1.941E14,1.942E14,1.943E14,1.944E14,1.945E14,1.946E14,1.947E14,1.948E14,1.949E14,1.95E14,0.0,0.0,0.0,0.0,0.0,0.0,0.0,0.0,0.0,0.0,24,5,18,0
1.921E14,1.922E14,1.923E14,1.924E14,1.925E14,1.926E14,1.927E14,1.928E14,1.929E14,1.93E14,1.931E14,1.932E14,1.933E14,1.934E14,1.935E14,1.936E14,1.937E14,1.938E14,1.939E14,1.94E14,1.941E14,1.942E14,1.943E14,1.944E14,1.945E14,1.946E14,1.947E14,1.948E14,1.949E14,1.95E14,0.0,0.0,0.0,0.0,0.0,0.0,0.0,0.0,0.0,0.0,24,1,14,0
1.921E14,1.922E14,1.923E14,1.924E14,1.925E14,1.926E14,1.927E14,1.928E14,1.929E14,1.93E14,1.931E14,1.932E14,1.933E14,1.934E14,1.935E14,1.936E14,1.937E14,1.938E14,1.939E14,1.94E14,1.941E14,1.942E14,1.943E14,1.944E14,1.945E14,1.946E14,1.947E14,1.948E14,1.949E14,1.95E14,0.0,0.0,0.0,0.0,0.0,0.0,0.0,0.0,0.0,0.0,24,0,14,0
1.921E14,1.922E14,1.923E14,1.924E14,1.925E14,1.926E14,1.927E14,1.928E14,1.929E14,1.93E14,1.931E14,1.932E14,1.933E14,1.934E14,1.935E14,1.936E14,1.937E14,1.938E14,1.939E14,1.94E14,1.941E14,1.942E14,1.943E14,1.944E14,1.945E14,1.946E14,1.947E14,1.948E14,1.949E14,1.95E14,0.0,0.0,0.0,0.0,0.0,0.0,0.0,0.0,0.0,0.0,24,5,17,0
1.921E14,1.922E14,1.923E14,1.924E14,1.925E14,1.926E14,1.927E14,1.928E14,1.929E14,1.93E14,1.931E14,1.932E14,1.933E14,1.934E14,1.935E14,1.936E14,1.937E14,1.938E14,1.939E14,1.94E14,1.941E14,1.942E14,1.943E14,1.944E14,1.945E14,1.946E14,1.947E14,1.948E14,1.949E14,1.95E14,0.0,0.0,0.0,0.0,0.0,0.0,0.0,0.0,0.0,0.0,24,6,18,0
1.921E14,1.922E14,1.923E14,1.924E14,1.925E14,1.926E14,1.927E14,1.928E14,1.929E14,1.93E14,1.931E14,1.932E14,1.933E14,1.934E14,1.935E14,1.936E14,1.937E14,1.938E14,1.939E14,1.94E14,1.941E14,1.942E14,1.943E14,1.944E14,1.945E14,1.946E14,1.947E14,1.948E14,1.949E14,1.95E14,0.0,0.0,0.0,0.0,0.0,0.0,0.0,0.0,0.0,0.0,24,7,19,0
1.921E14,1.922E14,1.923E14,1.924E14,1.925E14,1.926E14,1.927E14,1.928E14,1.929E14,1.93E14,1.931E14,1.932E14,1.933E14,1.934E14,1.935E14,1.936E14,1.937E14,1.938E14,1.939E14,1.94E14,1.941E14,1.942E14,1.943E14,1.944E14,1.945E14,1.946E14,1.947E14,1.948E14,1.949E14,1.95E14,0.0,0.0,0.0,0.0,0.0,0.0,0.0,0.0,0.0,0.0,23,5,24,0
1.921E14,1.922E14,1.923E14,1.924E14,1.925E14,1.926E14,1.927E14,1.928E14,1.929E14,1.93E14,1.931E14,1.932E14,1.933E14,1.934E14,1.935E14,1.936E14,1.937E14,1.938E14,1.939E14,1.94E14,1.941E14,1.942E14,1.943E14,1.944E14,1.945E14,1.946E14,1.947E14,1.948E14,1.949E14,1.95E14,0.0,0.0,0.0,0.0,0.0,0.0,0.0,0.0,0.0,0.0,23,4,23,1

