1.921E14,1.922E14,0.0,0.0,0.0,0.0,0.0,0.0,0.0,0.0,0.0,0.0,0.0,0.0,0.0,0.0,0.0,0.0,0.0,0.0,0.0,0.0,0.0,0.0,0.0,0.0,0.0,0.0,0.0,0.0,0.0,0.0,0.0,0.0,0.0,0.0,0.0,0.0,0.0,0.0,24,2,19,11,24,0
1.921E14,1.922E14,0.0,0.0,0.0,0.0,0.0,0.0,0.0,0.0,0.0,0.0,0.0,0.0,0.0,0.0,0.0,0.0,0.0,0.0,0.0,0.0,0.0,0.0,0.0,0.0,0.0,0.0,0.0,0.0,0.0,0.0,0.0,0.0,0.0,0.0,0.0,0.0,0.0,0.0,24,2,18,10,24,0
1.921E14,1.922E14,1.923E14,0.0,0.0,0.0,0.0,0.0,0.0,0.0,0.0,0.0,0.0,0.0,0.0,0.0,0.0,0.0,0.0,0.0,0.0,0.0,0.0,0.0,0.0,0.0,0.0,0.0,0.0,0.0,0.0,0.0,0.0,0.0,0.0,0.0,0.0,0.0,0.0,0.0,24,1,18,11,24,0
1.921E14,1.922E14,1.923E14,0.0,0.0,0.0,0.0,0.0,0.0,0.0,0.0,0.0,0.0,0.0,0.0,0.0,0.0,0.0,0.0,0.0,0.0,0.0,0.0,0.0,0.0,0.0,0.0,0.0,0.0,0.0,0.0,0.0,0.0,0.0,0.0,0.0,0.0,0.0,0.0,0.0,24,2,17,9,24,0
1.921E14,1.922E14,1.923E14,0.0,0.0,0.0,0.0,0.0,0.0,0.0,0.0,0.0,0.0,0.0,0.0,0.0,0.0,0.0,0.0,0.0,0.0,0.0,0.0,0.0,0.0,0.0,0.0,0.0,0.0,0.0,0.0,0.0,0.0,0.0,0.0,0.0,0.0,0.0,0.0,0.0,24,1,16,9,24,0
1.921E14,1.922E14,1.923E14,0.0,0.0,0.0,0.0,0.0,0.0,0.0,0.0,0.0,0.0,0.0,0.0,0.0,0.0,0.0,0.0,0.0,0.0,0.0,0.0,0.0,0.0,0.0,0.0,0.0,0.0,0.0,0.0,0.0,0.0,0.0,0.0,0.0,0.0,0.0,0.0,0.0,24,2,16,8,24,0
1.921E14,1.922E14,1.923E14,0.0,0.0,0.0,0.0,0.0,0.0,0.0,0.0,0.0,0.0,0.0,0.0,0.0,0.0,0.0,0.0,0.0,0.0,0.0,0.0,0.0,0.0,0.0,0.0,0.0,0.0,0.0,0.0,0.0,0.0,0.0,0.0,0.0,0.0,0.0,0.0,0.0,24,1,15,8,24,0
1.921E14,1.922E14,1.923E14,0.0,0.0,0.0,0.0,0.0,0.0,0.0,0.0,0.0,0.0,0.0,0.0,0.0,0.0,0.0,0.0,0.0,0.0,0.0,0.0,0.0,0.0,0.0,0.0,0.0,0.0,0.0,0.0,0.0,0.0,0.0,0.0,0.0,0.0,0.0,0.0,0.0,24,0,14,8,24,0
1.921E14,1.922E14,1.923E14,0.0,0.0,0.0,0.0,0.0,0.0,0.0,0.0,0.0,0.0,0.0,0.0,0.0,0.0,0.0,0.0,0.0,0.0,0.0,0.0,0.0,0.0,0.0,0.0,0.0,0.0,0.0,0.0,0.0,0.0,0.0,0.0,0.0,0.0,0.0,0.0,0.0,24,2,14,6,24,0
1.921E14,1.922E14,1.923E14,0.0,0.0,0.0,0.0,0.0,0.0,0.0,0.0,0.0,0.0,0.0,0.0,0.0,0.0,0.0,0.0,0.0,0.0,0.0,0.0,0.0,0.0,0.0,0.0,0.0,0.0,0.0,0.0,0.0,0.0,0.0,0.0,0.0,0.0,0.0,0.0,0.0,24,1,18,7,24,0
1.921E14,1.922E14,1.923E14,0.0,0.0,0.0,0.0,0.0,0.0,0.0,0.0,0.0,0.0,0.0,0.0,0.0,0.0,0.0,0.0,0.0,0.0,0.0,0.0,0.0,0.0,0.0,0.0,0.0,0.0,0.0,0.0,0.0,0.0,0.0,0.0,0.0,0.0,0.0,0.0,0.0,24,2,18,6,24,0
1.921E14,1.922E14,1.923E14,0.0,0.0,0.0,0.0,0.0,0.0,0.0,0.0,0.0,0.0,0.0,0.0,0.0,0.0,0.0,0.0,0.0,0.0,0.0,0.0,0.0,0.0,0.0,0.0,0.0,0.0,0.0,0.0,0.0,0.0,0.0,0.0,0.0,0.0,0.0,0.0,0.0,24,2,18,6,23,0
1.921E14,1.922E14,1.923E14,0.0,0.0,0.0,0.0,0.0,0.0,0.0,0.0,0.0,0.0,0.0,0.0,0.0,0.0,0.0,0.0,0.0,0.0,0.0,0.0,0.0,0.0,0.0,0.0,0.0,0.0,0.0,0.0,0.0,0.0,0.0,0.0,0.0,0.0,0.0,0.0,0.0,24,2,18,6,22,0
1.921E14,1.922E14,1.923E14,0.0,0.0,0.0,0.0,0.0,0.0,0.0,0.0,0.0,0.0,0.0,0.0,0.0,0.0,0.0,0.0,0.0,0.0,0.0,0.0,0.0,0.0,0.0,0.0,0.0,0.0,0.0,0.0,0.0,0.0,0.0,0.0,0.0,0.0,0.0,0.0,0.0,24,2,18,6,21,0
1.921E14,1.922E14,1.923E14,0.0,0.0,0.0,0.0,0.0,0.0,0.0,0.0,0.0,0.0,0.0,0.0,0.0,0.0,0.0,0.0,0.0,0.0,0.0,0.0,0.0,0.0,0.0,0.0,0.0,0.0,0.0,0.0,0.0,0.0,0.0,0.0,0.0,0.0,0.0,0.0,0.0,24,3,18,5,24,1
1.921E14,1.922E14,1.923E14,0.0,0.0,0.0,0.0,0.0,0.0,0.0,0.0,0.0,0.0,0.0,0.0,0.0,0.0,0.0,0.0,0.0,0.0,0.0,0.0,0.0,0.0,0.0,0.0,0.0,0.0,0.0,0.0,0.0,0.0,0.0,0.0,0.0,0.0,0.0,0.0,0.0,24,3,18,5,23,2
1.921E14,1.922E14,1.923E14,0.0,0.0,0.0,0.0,0.0,0.0,0.0,0.0,0.0,0.0,0.0,0.0,0.0,0.0,0.0,0.0,0.0,0.0,0.0,0.0,0.0,0.0,0.0,0.0,0.0,0.0,0.0,0.0,0.0,0.0,0.0,0.0,0.0,0.0,0.0,0.0,0.0,24,3,18,5,22,0
1.921E14,1.922E14,1.923E14,0.0,0.0,0.0,0.0,0.0,0.0,0.0,0.0,0.0,0.0,0.0,0.0,0.0,0.0,0.0,0.0,0.0,0.0,0.0,0.0,0.0,0.0,0.0,0.0,0.0,0.0,0.0,0.0,0.0,0.0,0.0,0.0,0.0,0.0,0.0,0.0,0.0,24,3,18,5,21,0
1.921E14,1.922E14,1.923E14,0.0,0.0,0.0,0.0,0.0,0.0,0.0,0.0,0.0,0.0,0.0,0.0,0.0,0.0,0.0,0.0,0.0,0.0,0.0,0.0,0.0,0.0,0.0,0.0,0.0,0.0,0.0,0.0,0.0,0.0,0.0,0.0,0.0,0.0,0.0,0.0,0.0,24,3,18,5,20,0
1.921E14,1.922E14,1.923E14,0.0,0.0,0.0,0.0,0.0,0.0,0.0,0.0,0.0,0.0,0.0,0.0,0.0,0.0,0.0,0.0,0.0,0.0,0.0,0.0,0.0,0.0,0.0,0.0,0.0,0.0,0.0,0.0,0.0,0.0,0.0,0.0,0.0,0.0,0.0,0.0,0.0,24,4,18,4,24,0
1.921E14,1.922E14,1.923E14,0.0,0.0,0.0,0.0,0.0,0.0,0.0,0.0,0.0,0.0,0.0,0.0,0.0,0.0,0.0,0.0,0.0,0.0,0.0,0.0,0.0,0.0,0.0,0.0,0.0,0.0,0.0,0.0,0.0,0.0,0.0,0.0,0.0,0.0,0.0,0.0,0.0,24,4,18,4,23,0
1.921E14,1.922E14,1.923E14,0.0,0.0,0.0,0.0,0.0,0.0,0.0,0.0,0.0,0.0,0.0,0.0,0.0,0.0,0.0,0.0,0.0,0.0,0.0,0.0,0.0,0.0,0.0,0.0,0.0,0.0,0.0,0.0,0.0,0.0,0.0,0.0,0.0,0.0,0.0,0.0,0.0,24,4,18,4,22,0
1.921E14,1.922E14,1.923E14,0.0,0.0,0.0,0.0,0.0,0.0,0.0,0.0,0.0,0.0,0.0,0.0,0.0,0.0,0.0,0.0,0.0,0.0,0.0,0.0,0.0,0.0,0.0,0.0,0.0,0.0,0.0,0.0,0.0,0.0,0.0,0.0,0.0,0.0,0.0,0.0,0.0,24,4,18,4,21,0
1.921E14,1.922E14,1.923E14,0.0,0.0,0.0,0.0,0.0,0.0,0.0,0.0,0.0,0.0,0.0,0.0,0.0,0.0,0.0,0.0,0.0,0.0,0.0,0.0,0.0,0.0,0.0,0.0,0.0,0.0,0.0,0.0,0.0,0.0,0.0,0.0,0.0,0.0,0.0,0.0,0.0,24,4,18,4,20,0
1.921E14,1.922E14,1.923E14,1.924E14,0.0,0.0,0.0,0.0,0.0,0.0,0.0,0.0,0.0,0.0,0.0,0.0,0.0,0.0,0.0,0.0,0.0,0.0,0.0,0.0,0.0,0.0,0.0,0.0,0.0,0.0,0.0,0.0,0.0,0.0,0.0,0.0,0.0,0.0,0.0,0.0,24,1,20,12,24,0
1.921E14,1.922E14,1.923E14,1.924E14,0.0,0.0,0.0,0.0,0.0,0.0,0.0,0.0,0.0,0.0,0.0,0.0,0.0,0.0,0.0,0.0,0.0,0.0,0.0,0.0,0.0,0.0,0.0,0.0,0.0,0.0,0.0,0.0,0.0,0.0,0.0,0.0,0.0,0.0,0.0,0.0,24,2,23,12,24,0
1.921E14,1.922E14,1.923E14,1.924E14,0.0,0.0,0.0,0.0,0.0,0.0,0.0,0.0,0.0,0.0,0.0,0.0,0.0,0.0,0.0,0.0,0.0,0.0,0.0,0.0,0.0,0.0,0.0,0.0,0.0,0.0,0.0,0.0,0.0,0.0,0.0,0.0,0.0,0.0,0.0,0.0,23,2,23,11,24,0
1.921E14,1.922E14,1.923E14,1.924E14,0.0,0.0,0.0,0.0,0.0,0.0,0.0,0.0,0.0,0.0,0.0,0.0,0.0,0.0,0.0,0.0,0.0,0.0,0.0,0.0,0.0,0.0,0.0,0.0,0.0,0.0,0.0,0.0,0.0,0.0,0.0,0.0,0.0,0.0,0.0,0.0,22,1,23,11,24,0
1.921E14,1.922E14,1.923E14,1.924E14,1.925E14,0.0,0.0,0.0,0.0,0.0,0.0,0.0,0.0,0.0,0.0,0.0,0.0,0.0,0.0,0.0,0.0,0.0,0.0,0.0,0.0,0.0,0.0,0.0,0.0,0.0,0.0,0.0,0.0,0.0,0.0,0.0,0.0,0.0,0.0,0.0,24,2,18,10,24,0
1.921E14,1.922E14,1.923E14,1.924E14,1.925E14,0.0,0.0,0.0,0.0,0.0,0.0,0.0,0.0,0.0,0.0,0.0,0.0,0.0,0.0,0.0,0.0,0.0,0.0,0.0,0.0,0.0,0.0,0.0,0.0,0.0,0.0,0.0,0.0,0.0,0.0,0.0,0.0,0.0,0.0,0.0,24,2,17,9,24,0
1.921E14,1.922E14,1.923E14,1.924E14,1.925E14,0.0,0.0,0.0,0.0,0.0,0.0,0.0,0.0,0.0,0.0,0.0,0.0,0.0,0.0,0.0,0.0,0.0,0.0,0.0,0.0,0.0,0.0,0.0,0.0,0.0,0.0,0.0,0.0,0.0,0.0,0.0,0.0,0.0,0.0,0.0,24,1,16,9,24,0
1.921E14,1.922E14,1.923E14,1.924E14,1.925E14,0.0,0.0,0.0,0.0,0.0,0.0,0.0,0.0,0.0,0.0,0.0,0.0,0.0,0.0,0.0,0.0,0.0,0.0,0.0,0.0,0.0,0.0,0.0,0.0,0.0,0.0,0.0,0.0,0.0,0.0,0.0,0.0,0.0,0.0,0.0,24,2,15,7,24,0
1.921E14,1.922E14,1.923E14,1.924E14,1.925E14,1.926E14,0.0,0.0,0.0,0.0,0.0,0.0,0.0,0.0,0.0,0.0,0.0,0.0,0.0,0.0,0.0,0.0,0.0,0.0,0.0,0.0,0.0,0.0,0.0,0.0,0.0,0.0,0.0,0.0,0.0,0.0,0.0,0.0,0.0,0.0,24,3,22,13,24,0
1.921E14,1.922E14,1.923E14,1.924E14,1.925E14,1.926E14,0.0,0.0,0.0,0.0,0.0,0.0,0.0,0.0,0.0,0.0,0.0,0.0,0.0,0.0,0.0,0.0,0.0,0.0,0.0,0.0,0.0,0.0,0.0,0.0,0.0,0.0,0.0,0.0,0.0,0.0,0.0,0.0,0.0,0.0,24,3,21,12,24,0
1.921E14,1.922E14,1.923E14,1.924E14,1.925E14,1.926E14,0.0,0.0,0.0,0.0,0.0,0.0,0.0,0.0,0.0,0.0,0.0,0.0,0.0,0.0,0.0,0.0,0.0,0.0,0.0,0.0,0.0,0.0,0.0,0.0,0.0,0.0,0.0,0.0,0.0,0.0,0.0,0.0,0.0,0.0,24,2,20,12,24,0
1.921E14,1.922E14,1.923E14,1.924E14,1.925E14,1.926E14,0.0,0.0,0.0,0.0,0.0,0.0,0.0,0.0,0.0,0.0,0.0,0.0,0.0,0.0,0.0,0.0,0.0,0.0,0.0,0.0,0.0,0.0,0.0,0.0,0.0,0.0,0.0,0.0,0.0,0.0,0.0,0.0,0.0,0.0,24,2,19,11,24,0
1.921E14,1.922E14,1.923E14,1.924E14,1.925E14,1.926E14,1.927E14,0.0,0.0,0.0,0.0,0.0,0.0,0.0,0.0,0.0,0.0,0.0,0.0,0.0,0.0,0.0,0.0,0.0,0.0,0.0,0.0,0.0,0.0,0.0,0.0,0.0,0.0,0.0,0.0,0.0,0.0,0.0,0.0,0.0,24,4,24,14,24,0
1.921E14,1.922E14,1.923E14,1.924E14,1.925E14,1.926E14,1.927E14,0.0,0.0,0.0,0.0,0.0,0.0,0.0,0.0,0.0,0.0,0.0,0.0,0.0,0.0,0.0,0.0,0.0,0.0,0.0,0.0,0.0,0.0,0.0,0.0,0.0,0.0,0.0,0.0,0.0,0.0,0.0,0.0,0.0,24,5,24,13,24,0
1.921E14,1.922E14,1.923E14,1.924E14,1.925E14,1.926E14,1.927E14,0.0,0.0,0.0,0.0,0.0,0.0,0.0,0.0,0.0,0.0,0.0,0.0,0.0,0.0,0.0,0.0,0.0,0.0,0.0,0.0,0.0,0.0,0.0,0.0,0.0,0.0,0.0,0.0,0.0,0.0,0.0,0.0,0.0,24,6,24,12,24,0
1.921E14,1.922E14,1.923E14,1.924E14,1.925E14,1.926E14,1.927E14,0.0,0.0,0.0,0.0,0.0,0.0,0.0,0.0,0.0,0.0,0.0,0.0,0.0,0.0,0.0,0.0,0.0,0.0,0.0,0.0,0.0,0.0,0.0,0.0,0.0,0.0,0.0,0.0,0.0,0.0,0.0,0.0,0.0,24,7,24,11,24,0
1.921E14,1.922E14,1.923E14,1.924E14,1.925E14,1.926E14,1.927E14,0.0,0.0,0.0,0.0,0.0,0.0,0.0,0.0,0.0,0.0,0.0,0.0,0.0,0.0,0.0,0.0,0.0,0.0,0.0,0.0,0.0,0.0,0.0,0.0,0.0,0.0,0.0,0.0,0.0,0.0,0.0,0.0,0.0,24,8,24,10,24,0
1.921E14,1.922E14,1.923E14,1.924E14,1.925E14,1.926E14,1.927E14,0.0,0.0,0.0,0.0,0.0,0.0,0.0,0.0,0.0,0.0,0.0,0.0,0.0,0.0,0.0,0.0,0.0,0.0,0.0,0.0,0.0,0.0,0.0,0.0,0.0,0.0,0.0,0.0,0.0,0.0,0.0,0.0,0.0,24,9,24,9,24,0
1.921E14,1.922E14,1.923E14,1.924E14,1.925E14,1.926E14,1.927E14,0.0,0.0,0.0,0.0,0.0,0.0,0.0,0.0,0.0,0.0,0.0,0.0,0.0,0.0,0.0,0.0,0.0,0.0,0.0,0.0,0.0,0.0,0.0,0.0,0.0,0.0,0.0,0.0,0.0,0.0,0.0,0.0,0.0,24,10,24,8,24,0
1.921E14,1.922E14,1.923E14,1.924E14,1.925E14,1.926E14,1.927E14,1.928E14,0.0,0.0,0.0,0.0,0.0,0.0,0.0,0.0,0.0,0.0,0.0,0.0,0.0,0.0,0.0,0.0,0.0,0.0,0.0,0.0,0.0,0.0,0.0,0.0,0.0,0.0,0.0,0.0,0.0,0.0,0.0,0.0,24,4,23,13,24,0
1.921E14,1.922E14,1.923E14,1.924E14,1.925E14,1.926E14,1.927E14,1.928E14,0.0,0.0,0.0,0.0,0.0,0.0,0.0,0.0,0.0,0.0,0.0,0.0,0.0,0.0,0.0,0.0,0.0,0.0,0.0,0.0,0.0,0.0,0.0,0.0,0.0,0.0,0.0,0.0,0.0,0.0,0.0,0.0,24,5,24,13,24,0
1.921E14,1.922E14,1.923E14,1.924E14,1.925E14,1.926E14,1.927E14,1.928E14,0.0,0.0,0.0,0.0,0.0,0.0,0.0,0.0,0.0,0.0,0.0,0.0,0.0,0.0,0.0,0.0,0.0,0.0,0.0,0.0,0.0,0.0,0.0,0.0,0.0,0.0,0.0,0.0,0.0,0.0,0.0,0.0,24,6,24,12,24,0
1.921E14,1.922E14,1.923E14,1.924E14,1.925E14,1.926E14,1.927E14,1.928E14,0.0,0.0,0.0,0.0,0.0,0.0,0.0,0.0,0.0,0.0,0.0,0.0,0.0,0.0,0.0,0.0,0.0,0.0,0.0,0.0,0.0,0.0,0.0,0.0,0.0,0.0,0.0,0.0,0.0,0.0,0.0,0.0,24,7,24,11,24,0
1.921E14,1.922E14,1.923E14,1.924E14,1.925E14,1.926E14,1.927E14,1.928E14,0.0,0.0,0.0,0.0,0.0,0.0,0.0,0.0,0.0,0.0,0.0,0.0,0.0,0.0,0.0,0.0,0.0,0.0,0.0,0.0,0.0,0.0,0.0,0.0,0.0,0.0,0.0,0.0,0.0,0.0,0.0,0.0,24,8,24,10,24,0
1.921E14,1.922E14,1.923E14,1.924E14,1.925E14,1.926E14,1.927E14,1.928E14,0.0,0.0,0.0,0.0,0.0,0.0,0.0,0.0,0.0,0.0,0.0,0.0,0.0,0.0,0.0,0.0,0.0,0.0,0.0,0.0,0.0,0.0,0.0,0.0,0.0,0.0,0.0,0.0,0.0,0.0,0.0,0.0,24,9,24,9,24,0
1.921E14,1.922E14,1.923E14,1.924E14,1.925E14,1.926E14,1.927E14,1.928E14,0.0,0.0,0.0,0.0,0.0,0.0,0.0,0.0,0.0,0.0,0.0,0.0,0.0,0.0,0.0,0.0,0.0,0.0,0.0,0.0,0.0,0.0,0.0,0.0,0.0,0.0,0.0,0.0,0.0,0.0,0.0,0.0,24,10,24,8,24,0
1.921E14,1.922E14,1.923E14,1.924E14,1.925E14,1.926E14,1.927E14,1.928E14,0.0,0.0,0.0,0.0,0.0,0.0,0.0,0.0,0.0,0.0,0.0,0.0,0.0,0.0,0.0,0.0,0.0,0.0,0.0,0.0,0.0,0.0,0.0,0.0,0.0,0.0,0.0,0.0,0.0,0.0,0.0,0.0,24,11,24,7,24,0
1.921E14,1.922E14,1.923E14,1.924E14,1.925E14,1.926E14,1.927E14,1.928E14,0.0,0.0,0.0,0.0,0.0,0.0,0.0,0.0,0.0,0.0,0.0,0.0,0.0,0.0,0.0,0.0,0.0,0.0,0.0,0.0,0.0,0.0,0.0,0.0,0.0,0.0,0.0,0.0,0.0,0.0,0.0,0.0,23,4,24,13,24,0
1.921E14,1.922E14,1.923E14,1.924E14,1.925E14,1.926E14,1.927E14,1.928E14,0.0,0.0,0.0,0.0,0.0,0.0,0.0,0.0,0.0,0.0,0.0,0.0,0.0,0.0,0.0,0.0,0.0,0.0,0.0,0.0,0.0,0.0,0.0,0.0,0.0,0.0,0.0,0.0,0.0,0.0,0.0,0.0,23,5,24,12,24,0
1.921E14,1.922E14,1.923E14,1.924E14,1.925E14,1.926E14,1.927E14,1.928E14,0.0,0.0,0.0,0.0,0.0,0.0,0.0,0.0,0.0,0.0,0.0,0.0,0.0,0.0,0.0,0.0,0.0,0.0,0.0,0.0,0.0,0.0,0.0,0.0,0.0,0.0,0.0,0.0,0.0,0.0,0.0,0.0,23,6,24,11,24,0
1.921E14,1.922E14,1.923E14,1.924E14,1.925E14,1.926E14,1.927E14,1.928E14,0.0,0.0,0.0,0.0,0.0,0.0,0.0,0.0,0.0,0.0,0.0,0.0,0.0,0.0,0.0,0.0,0.0,0.0,0.0,0.0,0.0,0.0,0.0,0.0,0.0,0.0,0.0,0.0,0.0,0.0,0.0,0.0,23,7,24,10,24,0
1.921E14,1.922E14,1.923E14,1.924E14,1.925E14,1.926E14,1.927E14,1.928E14,0.0,0.0,0.0,0.0,0.0,0.0,0.0,0.0,0.0,0.0,0.0,0.0,0.0,0.0,0.0,0.0,0.0,0.0,0.0,0.0,0.0,0.0,0.0,0.0,0.0,0.0,0.0,0.0,0.0,0.0,0.0,0.0,23,8,24,9,24,0
1.921E14,1.922E14,1.923E14,1.924E14,1.925E14,1.926E14,1.927E14,1.928E14,0.0,0.0,0.0,0.0,0.0,0.0,0.0,0.0,0.0,0.0,0.0,0.0,0.0,0.0,0.0,0.0,0.0,0.0,0.0,0.0,0.0,0.0,0.0,0.0,0.0,0.0,0.0,0.0,0.0,0.0,0.0,0.0,23,9,24,8,24,0
1.921E14,1.922E14,1.923E14,1.924E14,1.925E14,1.926E14,1.927E14,1.928E14,0.0,0.0,0.0,0.0,0.0,0.0,0.0,0.0,0.0,0.0,0.0,0.0,0.0,0.0,0.0,0.0,0.0,0.0,0.0,0.0,0.0,0.0,0.0,0.0,0.0,0.0,0.0,0.0,0.0,0.0,0.0,0.0,23,10,24,7,24,0
1.921E14,1.922E14,1.923E14,1.924E14,1.925E14,1.926E14,1.927E14,1.928E14,0.0,0.0,0.0,0.0,0.0,0.0,0.0,0.0,0.0,0.0,0.0,0.0,0.0,0.0,0.0,0.0,0.0,0.0,0.0,0.0,0.0,0.0,0.0,0.0,0.0,0.0,0.0,0.0,0.0,0.0,0.0,0.0,23,11,24,6,24,0
1.921E14,1.922E14,1.923E14,1.924E14,1.925E14,1.926E14,1.927E14,1.928E14,0.0,0.0,0.0,0.0,0.0,0.0,0.0,0.0,0.0,0.0,0.0,0.0,0.0,0.0,0.0,0.0,0.0,0.0,0.0,0.0,0.0,0.0,0.0,0.0,0.0,0.0,0.0,0.0,0.0,0.0,0.0,0.0,23,12,24,5,24,0
1.921E14,1.922E14,1.923E14,1.924E14,1.925E14,1.926E14,1.927E14,1.928E14,0.0,0.0,0.0,0.0,0.0,0.0,0.0,0.0,0.0,0.0,0.0,0.0,0.0,0.0,0.0,0.0,0.0,0.0,0.0,0.0,0.0,0.0,0.0,0.0,0.0,0.0,0.0,0.0,0.0,0.0,0.0,0.0,23,13,24,4,24,0
1.921E14,1.922E14,1.923E14,1.924E14,1.925E14,1.926E14,1.927E14,1.928E14,0.0,0.0,0.0,0.0,0.0,0.0,0.0,0.0,0.0,0.0,0.0,0.0,0.0,0.0,0.0,0.0,0.0,0.0,0.0,0.0,0.0,0.0,0.0,0.0,0.0,0.0,0.0,0.0,0.0,0.0,0.0,0.0,22,3,24,13,24,0
1.921E14,1.922E14,1.923E14,1.924E14,1.925E14,1.926E14,1.927E14,1.928E14,0.0,0.0,0.0,0.0,0.0,0.0,0.0,0.0,0.0,0.0,0.0,0.0,0.0,0.0,0.0,0.0,0.0,0.0,0.0,0.0,0.0,0.0,0.0,0.0,0.0,0.0,0.0,0.0,0.0,0.0,0.0,0.0,22,4,24,12,24,0
1.921E14,1.922E14,1.923E14,1.924E14,1.925E14,1.926E14,1.927E14,1.928E14,0.0,0.0,0.0,0.0,0.0,0.0,0.0,0.0,0.0,0.0,0.0,0.0,0.0,0.0,0.0,0.0,0.0,0.0,0.0,0.0,0.0,0.0,0.0,0.0,0.0,0.0,0.0,0.0,0.0,0.0,0.0,0.0,22,5,24,11,24,0
1.921E14,1.922E14,1.923E14,1.924E14,1.925E14,1.926E14,1.927E14,1.928E14,0.0,0.0,0.0,0.0,0.0,0.0,0.0,0.0,0.0,0.0,0.0,0.0,0.0,0.0,0.0,0.0,0.0,0.0,0.0,0.0,0.0,0.0,0.0,0.0,0.0,0.0,0.0,0.0,0.0,0.0,0.0,0.0,22,6,24,10,24,0
1.921E14,1.922E14,1.923E14,1.924E14,1.925E14,1.926E14,1.927E14,1.928E14,0.0,0.0,0.0,0.0,0.0,0.0,0.0,0.0,0.0,0.0,0.0,0.0,0.0,0.0,0.0,0.0,0.0,0.0,0.0,0.0,0.0,0.0,0.0,0.0,0.0,0.0,0.0,0.0,0.0,0.0,0.0,0.0,22,7,24,9,24,0
1.921E14,1.922E14,1.923E14,1.924E14,1.925E14,1.926E14,1.927E14,1.928E14,0.0,0.0,0.0,0.0,0.0,0.0,0.0,0.0,0.0,0.0,0.0,0.0,0.0,0.0,0.0,0.0,0.0,0.0,0.0,0.0,0.0,0.0,0.0,0.0,0.0,0.0,0.0,0.0,0.0,0.0,0.0,0.0,22,8,24,8,24,0
1.921E14,1.922E14,1.923E14,1.924E14,1.925E14,1.926E14,1.927E14,1.928E14,0.0,0.0,0.0,0.0,0.0,0.0,0.0,0.0,0.0,0.0,0.0,0.0,0.0,0.0,0.0,0.0,0.0,0.0,0.0,0.0,0.0,0.0,0.0,0.0,0.0,0.0,0.0,0.0,0.0,0.0,0.0,0.0,22,9,24,7,24,0
1.921E14,1.922E14,1.923E14,1.924E14,1.925E14,1.926E14,1.927E14,1.928E14,0.0,0.0,0.0,0.0,0.0,0.0,0.0,0.0,0.0,0.0,0.0,0.0,0.0,0.0,0.0,0.0,0.0,0.0,0.0,0.0,0.0,0.0,0.0,0.0,0.0,0.0,0.0,0.0,0.0,0.0,0.0,0.0,22,10,24,6,24,0
1.921E14,1.922E14,1.923E14,1.924E14,1.925E14,1.926E14,1.927E14,1.928E14,0.0,0.0,0.0,0.0,0.0,0.0,0.0,0.0,0.0,0.0,0.0,0.0,0.0,0.0,0.0,0.0,0.0,0.0,0.0,0.0,0.0,0.0,0.0,0.0,0.0,0.0,0.0,0.0,0.0,0.0,0.0,0.0,22,11,24,5,24,0
1.921E14,1.922E14,1.923E14,1.924E14,1.925E14,1.926E14,1.927E14,1.928E14,1.929E14,0.0,0.0,0.0,0.0,0.0,0.0,0.0,0.0,0.0,0.0,0.0,0.0,0.0,0.0,0.0,0.0,0.0,0.0,0.0,0.0,0.0,0.0,0.0,0.0,0.0,0.0,0.0,0.0,0.0,0.0,0.0,24,3,20,11,24,0
1.921E14,1.922E14,1.923E14,1.924E14,1.925E14,1.926E14,1.927E14,1.928E14,1.929E14,0.0,0.0,0.0,0.0,0.0,0.0,0.0,0.0,0.0,0.0,0.0,0.0,0.0,0.0,0.0,0.0,0.0,0.0,0.0,0.0,0.0,0.0,0.0,0.0,0.0,0.0,0.0,0.0,0.0,0.0,0.0,24,6,24,12,24,0
1.921E14,1.922E14,1.923E14,1.924E14,1.925E14,1.926E14,1.927E14,1.928E14,1.929E14,0.0,0.0,0.0,0.0,0.0,0.0,0.0,0.0,0.0,0.0,0.0,0.0,0.0,0.0,0.0,0.0,0.0,0.0,0.0,0.0,0.0,0.0,0.0,0.0,0.0,0.0,0.0,0.0,0.0,0.0,0.0,24,7,24,11,24,0
1.921E14,1.922E14,1.923E14,1.924E14,1.925E14,1.926E14,1.927E14,1.928E14,1.929E14,0.0,0.0,0.0,0.0,0.0,0.0,0.0,0.0,0.0,0.0,0.0,0.0,0.0,0.0,0.0,0.0,0.0,0.0,0.0,0.0,0.0,0.0,0.0,0.0,0.0,0.0,0.0,0.0,0.0,0.0,0.0,24,8,24,10,24,0
1.921E14,1.922E14,1.923E14,1.924E14,1.925E14,1.926E14,1.927E14,1.928E14,1.929E14,0.0,0.0,0.0,0.0,0.0,0.0,0.0,0.0,0.0,0.0,0.0,0.0,0.0,0.0,0.0,0.0,0.0,0.0,0.0,0.0,0.0,0.0,0.0,0.0,0.0,0.0,0.0,0.0,0.0,0.0,0.0,24,9,24,9,24,0
1.921E14,1.922E14,1.923E14,1.924E14,1.925E14,1.926E14,1.927E14,1.928E14,1.929E14,0.0,0.0,0.0,0.0,0.0,0.0,0.0,0.0,0.0,0.0,0.0,0.0,0.0,0.0,0.0,0.0,0.0,0.0,0.0,0.0,0.0,0.0,0.0,0.0,0.0,0.0,0.0,0.0,0.0,0.0,0.0,24,10,24,8,24,0
1.921E14,1.922E14,1.923E14,1.924E14,1.925E14,1.926E14,1.927E14,1.928E14,1.929E14,0.0,0.0,0.0,0.0,0.0,0.0,0.0,0.0,0.0,0.0,0.0,0.0,0.0,0.0,0.0,0.0,0.0,0.0,0.0,0.0,0.0,0.0,0.0,0.0,0.0,0.0,0.0,0.0,0.0,0.0,0.0,24,11,24,7,24,0
1.921E14,1.922E14,1.923E14,1.924E14,1.925E14,1.926E14,1.927E14,1.928E14,1.929E14,0.0,0.0,0.0,0.0,0.0,0.0,0.0,0.0,0.0,0.0,0.0,0.0,0.0,0.0,0.0,0.0,0.0,0.0,0.0,0.0,0.0,0.0,0.0,0.0,0.0,0.0,0.0,0.0,0.0,0.0,0.0,23,4,24,13,24,0
1.921E14,1.922E14,1.923E14,1.924E14,1.925E14,1.926E14,1.927E14,1.928E14,1.929E14,0.0,0.0,0.0,0.0,0.0,0.0,0.0,0.0,0.0,0.0,0.0,0.0,0.0,0.0,0.0,0.0,0.0,0.0,0.0,0.0,0.0,0.0,0.0,0.0,0.0,0.0,0.0,0.0,0.0,0.0,0.0,23,5,24,12,24,0
1.921E14,1.922E14,1.923E14,1.924E14,1.925E14,1.926E14,1.927E14,1.928E14,1.929E14,0.0,0.0,0.0,0.0,0.0,0.0,0.0,0.0,0.0,0.0,0.0,0.0,0.0,0.0,0.0,0.0,0.0,0.0,0.0,0.0,0.0,0.0,0.0,0.0,0.0,0.0,0.0,0.0,0.0,0.0,0.0,23,6,24,11,24,0
1.921E14,1.922E14,1.923E14,1.924E14,1.925E14,1.926E14,1.927E14,1.928E14,1.929E14,0.0,0.0,0.0,0.0,0.0,0.0,0.0,0.0,0.0,0.0,0.0,0.0,0.0,0.0,0.0,0.0,0.0,0.0,0.0,0.0,0.0,0.0,0.0,0.0,0.0,0.0,0.0,0.0,0.0,0.0,0.0,23,7,24,10,24,0
1.921E14,1.922E14,1.923E14,1.924E14,1.925E14,1.926E14,1.927E14,1.928E14,1.929E14,0.0,0.0,0.0,0.0,0.0,0.0,0.0,0.0,0.0,0.0,0.0,0.0,0.0,0.0,0.0,0.0,0.0,0.0,0.0,0.0,0.0,0.0,0.0,0.0,0.0,0.0,0.0,0.0,0.0,0.0,0.0,23,8,24,9,24,0
1.921E14,1.922E14,1.923E14,1.924E14,1.925E14,1.926E14,1.927E14,1.928E14,1.929E14,0.0,0.0,0.0,0.0,0.0,0.0,0.0,0.0,0.0,0.0,0.0,0.0,0.0,0.0,0.0,0.0,0.0,0.0,0.0,0.0,0.0,0.0,0.0,0.0,0.0,0.0,0.0,0.0,0.0,0.0,0.0,23,9,24,8,24,0
1.921E14,1.922E14,1.923E14,1.924E14,1.925E14,1.926E14,1.927E14,1.928E14,1.929E14,0.0,0.0,0.0,0.0,0.0,0.0,0.0,0.0,0.0,0.0,0.0,0.0,0.0,0.0,0.0,0.0,0.0,0.0,0.0,0.0,0.0,0.0,0.0,0.0,0.0,0.0,0.0,0.0,0.0,0.0,0.0,23,10,24,7,24,0
1.921E14,1.922E14,1.923E14,1.924E14,1.925E14,1.926E14,1.927E14,1.928E14,1.929E14,0.0,0.0,0.0,0.0,0.0,0.0,0.0,0.0,0.0,0.0,0.0,0.0,0.0,0.0,0.0,0.0,0.0,0.0,0.0,0.0,0.0,0.0,0.0,0.0,0.0,0.0,0.0,0.0,0.0,0.0,0.0,23,11,24,6,24,0
1.921E14,1.922E14,1.923E14,1.924E14,1.925E14,1.926E14,1.927E14,1.928E14,1.929E14,0.0,0.0,0.0,0.0,0.0,0.0,0.0,0.0,0.0,0.0,0.0,0.0,0.0,0.0,0.0,0.0,0.0,0.0,0.0,0.0,0.0,0.0,0.0,0.0,0.0,0.0,0.0,0.0,0.0,0.0,0.0,22,3,24,13,24,0
1.921E14,1.922E14,1.923E14,1.924E14,1.925E14,1.926E14,1.927E14,1.928E14,1.929E14,0.0,0.0,0.0,0.0,0.0,0.0,0.0,0.0,0.0,0.0,0.0,0.0,0.0,0.0,0.0,0.0,0.0,0.0,0.0,0.0,0.0,0.0,0.0,0.0,0.0,0.0,0.0,0.0,0.0,0.0,0.0,22,4,24,12,24,0
1.921E14,1.922E14,1.923E14,1.924E14,1.925E14,1.926E14,1.927E14,1.928E14,1.929E14,0.0,0.0,0.0,0.0,0.0,0.0,0.0,0.0,0.0,0.0,0.0,0.0,0.0,0.0,0.0,0.0,0.0,0.0,0.0,0.0,0.0,0.0,0.0,0.0,0.0,0.0,0.0,0.0,0.0,0.0,0.0,22,5,24,11,24,0
1.921E14,1.922E14,1.923E14,1.924E14,1.925E14,1.926E14,1.927E14,1.928E14,1.929E14,0.0,0.0,0.0,0.0,0.0,0.0,0.0,0.0,0.0,0.0,0.0,0.0,0.0,0.0,0.0,0.0,0.0,0.0,0.0,0.0,0.0,0.0,0.0,0.0,0.0,0.0,0.0,0.0,0.0,0.0,0.0,22,6,24,10,24,0
1.921E14,1.922E14,1.923E14,1.924E14,1.925E14,1.926E14,1.927E14,1.928E14,1.929E14,0.0,0.0,0.0,0.0,0.0,0.0,0.0,0.0,0.0,0.0,0.0,0.0,0.0,0.0,0.0,0.0,0.0,0.0,0.0,0.0,0.0,0.0,0.0,0.0,0.0,0.0,0.0,0.0,0.0,0.0,0.0,22,7,24,9,24,0
1.921E14,1.922E14,1.923E14,1.924E14,1.925E14,1.926E14,1.927E14,1.928E14,1.929E14,0.0,0.0,0.0,0.0,0.0,0.0,0.0,0.0,0.0,0.0,0.0,0.0,0.0,0.0,0.0,0.0,0.0,0.0,0.0,0.0,0.0,0.0,0.0,0.0,0.0,0.0,0.0,0.0,0.0,0.0,0.0,22,8,24,8,24,0
1.921E14,1.922E14,1.923E14,1.924E14,1.925E14,1.926E14,1.927E14,1.928E14,1.929E14,0.0,0.0,0.0,0.0,0.0,0.0,0.0,0.0,0.0,0.0,0.0,0.0,0.0,0.0,0.0,0.0,0.0,0.0,0.0,0.0,0.0,0.0,0.0,0.0,0.0,0.0,0.0,0.0,0.0,0.0,0.0,22,9,24,7,24,0
1.921E14,1.922E14,1.923E14,1.924E14,1.925E14,1.926E14,1.927E14,1.928E14,1.929E14,0.0,0.0,0.0,0.0,0.0,0.0,0.0,0.0,0.0,0.0,0.0,0.0,0.0,0.0,0.0,0.0,0.0,0.0,0.0,0.0,0.0,0.0,0.0,0.0,0.0,0.0,0.0,0.0,0.0,0.0,0.0,22,10,24,6,24,0
1.921E14,1.922E14,1.923E14,1.924E14,1.925E14,1.926E14,1.927E14,1.928E14,1.929E14,0.0,0.0,0.0,0.0,0.0,0.0,0.0,0.0,0.0,0.0,0.0,0.0,0.0,0.0,0.0,0.0,0.0,0.0,0.0,0.0,0.0,0.0,0.0,0.0,0.0,0.0,0.0,0.0,0.0,0.0,0.0,22,11,24,5,24,0
1.921E14,1.922E14,1.923E14,1.924E14,1.925E14,1.926E14,1.927E14,1.928E14,1.929E14,0.0,0.0,0.0,0.0,0.0,0.0,0.0,0.0,0.0,0.0,0.0,0.0,0.0,0.0,0.0,0.0,0.0,0.0,0.0,0.0,0.0,0.0,0.0,0.0,0.0,0.0,0.0,0.0,0.0,0.0,0.0,21,3,24,12,24,0
1.921E14,1.922E14,1.923E14,1.924E14,1.925E14,1.926E14,1.927E14,1.928E14,1.929E14,0.0,0.0,0.0,0.0,0.0,0.0,0.0,0.0,0.0,0.0,0.0,0.0,0.0,0.0,0.0,0.0,0.0,0.0,0.0,0.0,0.0,0.0,0.0,0.0,0.0,0.0,0.0,0.0,0.0,0.0,0.0,21,4,24,11,24,0
1.921E14,1.922E14,1.923E14,1.924E14,1.925E14,1.926E14,1.927E14,1.928E14,1.929E14,0.0,0.0,0.0,0.0,0.0,0.0,0.0,0.0,0.0,0.0,0.0,0.0,0.0,0.0,0.0,0.0,0.0,0.0,0.0,0.0,0.0,0.0,0.0,0.0,0.0,0.0,0.0,0.0,0.0,0.0,0.0,21,5,24,10,24,0
1.921E14,1.922E14,1.923E14,1.924E14,1.925E14,1.926E14,1.927E14,1.928E14,1.929E14,0.0,0.0,0.0,0.0,0.0,0.0,0.0,0.0,0.0,0.0,0.0,0.0,0.0,0.0,0.0,0.0,0.0,0.0,0.0,0.0,0.0,0.0,0.0,0.0,0.0,0.0,0.0,0.0,0.0,0.0,0.0,21,6,24,9,24,0
1.921E14,1.922E14,1.923E14,1.924E14,1.925E14,1.926E14,1.927E14,1.928E14,1.929E14,0.0,0.0,0.0,0.0,0.0,0.0,0.0,0.0,0.0,0.0,0.0,0.0,0.0,0.0,0.0,0.0,0.0,0.0,0.0,0.0,0.0,0.0,0.0,0.0,0.0,0.0,0.0,0.0,0.0,0.0,0.0,21,7,24,8,24,0
1.921E14,1.922E14,1.923E14,1.924E14,1.925E14,1.926E14,1.927E14,1.928E14,1.929E14,1.93E14,0.0,0.0,0.0,0.0,0.0,0.0,0.0,0.0,0.0,0.0,0.0,0.0,0.0,0.0,0.0,0.0,0.0,0.0,0.0,0.0,0.0,0.0,0.0,0.0,0.0,0.0,0.0,0.0,0.0,0.0,24,4,24,14,24,0
1.921E14,1.922E14,1.923E14,1.924E14,1.925E14,1.926E14,1.927E14,1.928E14,1.929E14,1.93E14,0.0,0.0,0.0,0.0,0.0,0.0,0.0,0.0,0.0,0.0,0.0,0.0,0.0,0.0,0.0,0.0,0.0,0.0,0.0,0.0,0.0,0.0,0.0,0.0,0.0,0.0,0.0,0.0,0.0,0.0,24,11,23,6,24,0
1.921E14,1.922E14,1.923E14,1.924E14,1.925E14,1.926E14,1.927E14,1.928E14,1.929E14,1.93E14,0.0,0.0,0.0,0.0,0.0,0.0,0.0,0.0,0.0,0.0,0.0,0.0,0.0,0.0,0.0,0.0,0.0,0.0,0.0,0.0,0.0,0.0,0.0,0.0,0.0,0.0,0.0,0.0,0.0,0.0,24,12,23,5,24,0
1.921E14,1.922E14,1.923E14,1.924E14,1.925E14,1.926E14,1.927E14,1.928E14,1.929E14,1.93E14,0.0,0.0,0.0,0.0,0.0,0.0,0.0,0.0,0.0,0.0,0.0,0.0,0.0,0.0,0.0,0.0,0.0,0.0,0.0,0.0,0.0,0.0,0.0,0.0,0.0,0.0,0.0,0.0,0.0,0.0,24,13,24,5,24,0
1.921E14,1.922E14,1.923E14,1.924E14,1.925E14,1.926E14,1.927E14,1.928E14,1.929E14,1.93E14,0.0,0.0,0.0,0.0,0.0,0.0,0.0,0.0,0.0,0.0,0.0,0.0,0.0,0.0,0.0,0.0,0.0,0.0,0.0,0.0,0.0,0.0,0.0,0.0,0.0,0.0,0.0,0.0,0.0,0.0,23,4,24,13,24,0
1.921E14,1.922E14,1.923E14,1.924E14,1.925E14,1.926E14,1.927E14,1.928E14,1.929E14,1.93E14,0.0,0.0,0.0,0.0,0.0,0.0,0.0,0.0,0.0,0.0,0.0,0.0,0.0,0.0,0.0,0.0,0.0,0.0,0.0,0.0,0.0,0.0,0.0,0.0,0.0,0.0,0.0,0.0,0.0,0.0,23,5,24,12,24,0
1.921E14,1.922E14,1.923E14,1.924E14,1.925E14,1.926E14,1.927E14,1.928E14,1.929E14,1.93E14,0.0,0.0,0.0,0.0,0.0,0.0,0.0,0.0,0.0,0.0,0.0,0.0,0.0,0.0,0.0,0.0,0.0,0.0,0.0,0.0,0.0,0.0,0.0,0.0,0.0,0.0,0.0,0.0,0.0,0.0,23,7,24,10,24,0
1.921E14,1.922E14,1.923E14,1.924E14,1.925E14,1.926E14,1.927E14,1.928E14,1.929E14,1.93E14,0.0,0.0,0.0,0.0,0.0,0.0,0.0,0.0,0.0,0.0,0.0,0.0,0.0,0.0,0.0,0.0,0.0,0.0,0.0,0.0,0.0,0.0,0.0,0.0,0.0,0.0,0.0,0.0,0.0,0.0,23,10,24,7,24,0
1.921E14,1.922E14,1.923E14,1.924E14,1.925E14,1.926E14,1.927E14,1.928E14,1.929E14,1.93E14,0.0,0.0,0.0,0.0,0.0,0.0,0.0,0.0,0.0,0.0,0.0,0.0,0.0,0.0,0.0,0.0,0.0,0.0,0.0,0.0,0.0,0.0,0.0,0.0,0.0,0.0,0.0,0.0,0.0,0.0,23,11,24,6,24,0
1.921E14,1.922E14,1.923E14,1.924E14,1.925E14,1.926E14,1.927E14,1.928E14,1.929E14,1.93E14,0.0,0.0,0.0,0.0,0.0,0.0,0.0,0.0,0.0,0.0,0.0,0.0,0.0,0.0,0.0,0.0,0.0,0.0,0.0,0.0,0.0,0.0,0.0,0.0,0.0,0.0,0.0,0.0,0.0,0.0,23,12,24,5,24,0
1.921E14,1.922E14,1.923E14,1.924E14,1.925E14,1.926E14,1.927E14,1.928E14,1.929E14,1.93E14,0.0,0.0,0.0,0.0,0.0,0.0,0.0,0.0,0.0,0.0,0.0,0.0,0.0,0.0,0.0,0.0,0.0,0.0,0.0,0.0,0.0,0.0,0.0,0.0,0.0,0.0,0.0,0.0,0.0,0.0,23,13,24,4,24,0
1.921E14,1.922E14,1.923E14,1.924E14,1.925E14,1.926E14,1.927E14,1.928E14,1.929E14,1.93E14,0.0,0.0,0.0,0.0,0.0,0.0,0.0,0.0,0.0,0.0,0.0,0.0,0.0,0.0,0.0,0.0,0.0,0.0,0.0,0.0,0.0,0.0,0.0,0.0,0.0,0.0,0.0,0.0,0.0,0.0,22,2,24,14,24,0
1.921E14,1.922E14,1.923E14,1.924E14,1.925E14,1.926E14,1.927E14,1.928E14,1.929E14,1.93E14,0.0,0.0,0.0,0.0,0.0,0.0,0.0,0.0,0.0,0.0,0.0,0.0,0.0,0.0,0.0,0.0,0.0,0.0,0.0,0.0,0.0,0.0,0.0,0.0,0.0,0.0,0.0,0.0,0.0,0.0,22,4,24,12,24,0
1.921E14,1.922E14,1.923E14,1.924E14,1.925E14,1.926E14,1.927E14,1.928E14,1.929E14,1.93E14,0.0,0.0,0.0,0.0,0.0,0.0,0.0,0.0,0.0,0.0,0.0,0.0,0.0,0.0,0.0,0.0,0.0,0.0,0.0,0.0,0.0,0.0,0.0,0.0,0.0,0.0,0.0,0.0,0.0,0.0,22,5,24,11,24,0
1.921E14,1.922E14,1.923E14,1.924E14,1.925E14,1.926E14,1.927E14,1.928E14,1.929E14,1.93E14,0.0,0.0,0.0,0.0,0.0,0.0,0.0,0.0,0.0,0.0,0.0,0.0,0.0,0.0,0.0,0.0,0.0,0.0,0.0,0.0,0.0,0.0,0.0,0.0,0.0,0.0,0.0,0.0,0.0,0.0,22,9,23,6,24,0
1.921E14,1.922E14,1.923E14,1.924E14,1.925E14,1.926E14,1.927E14,1.928E14,1.929E14,1.93E14,1.931E14,1.932E14,1.933E14,1.934E14,1.935E14,0.0,0.0,0.0,0.0,0.0,0.0,0.0,0.0,0.0,0.0,0.0,0.0,0.0,0.0,0.0,0.0,0.0,0.0,0.0,0.0,0.0,0.0,0.0,0.0,0.0,24,1,14,7,24,0
1.921E14,1.922E14,1.923E14,1.924E14,1.925E14,1.926E14,1.927E14,1.928E14,1.929E14,1.93E14,1.931E14,1.932E14,1.933E14,1.934E14,1.935E14,0.0,0.0,0.0,0.0,0.0,0.0,0.0,0.0,0.0,0.0,0.0,0.0,0.0,0.0,0.0,0.0,0.0,0.0,0.0,0.0,0.0,0.0,0.0,0.0,0.0,24,0,14,7,24,0
1.921E14,1.922E14,1.923E14,1.924E14,1.925E14,1.926E14,1.927E14,1.928E14,1.929E14,1.93E14,1.931E14,1.932E14,1.933E14,1.934E14,1.935E14,0.0,0.0,0.0,0.0,0.0,0.0,0.0,0.0,0.0,0.0,0.0,0.0,0.0,0.0,0.0,0.0,0.0,0.0,0.0,0.0,0.0,0.0,0.0,0.0,0.0,24,0,14,6,24,1
1.921E14,1.922E14,1.923E14,1.924E14,1.925E14,1.926E14,1.927E14,1.928E14,1.929E14,1.93E14,1.931E14,1.932E14,1.933E14,1.934E14,1.935E14,0.0,0.0,0.0,0.0,0.0,0.0,0.0,0.0,0.0,0.0,0.0,0.0,0.0,0.0,0.0,0.0,0.0,0.0,0.0,0.0,0.0,0.0,0.0,0.0,0.0,24,0,14,5,24,1
1.921E14,1.922E14,1.923E14,1.924E14,1.925E14,1.926E14,1.927E14,1.928E14,1.929E14,1.93E14,1.931E14,1.932E14,1.933E14,1.934E14,1.935E14,0.0,0.0,0.0,0.0,0.0,0.0,0.0,0.0,0.0,0.0,0.0,0.0,0.0,0.0,0.0,0.0,0.0,0.0,0.0,0.0,0.0,0.0,0.0,0.0,0.0,24,1,14,3,24,0
1.921E14,1.922E14,1.923E14,1.924E14,1.925E14,1.926E14,1.927E14,1.928E14,1.929E14,1.93E14,1.931E14,1.932E14,1.933E14,1.934E14,1.935E14,0.0,0.0,0.0,0.0,0.0,0.0,0.0,0.0,0.0,0.0,0.0,0.0,0.0,0.0,0.0,0.0,0.0,0.0,0.0,0.0,0.0,0.0,0.0,0.0,0.0,24,1,14,3,23,0
1.921E14,1.922E14,1.923E14,1.924E14,1.925E14,1.926E14,1.927E14,1.928E14,1.929E14,1.93E14,1.931E14,1.932E14,1.933E14,1.934E14,1.935E14,0.0,0.0,0.0,0.0,0.0,0.0,0.0,0.0,0.0,0.0,0.0,0.0,0.0,0.0,0.0,0.0,0.0,0.0,0.0,0.0,0.0,0.0,0.0,0.0,0.0,24,1,14,3,21,0
1.921E14,1.922E14,1.923E14,1.924E14,1.925E14,1.926E14,1.927E14,1.928E14,1.929E14,1.93E14,1.931E14,1.932E14,1.933E14,1.934E14,1.935E14,0.0,0.0,0.0,0.0,0.0,0.0,0.0,0.0,0.0,0.0,0.0,0.0,0.0,0.0,0.0,0.0,0.0,0.0,0.0,0.0,0.0,0.0,0.0,0.0,0.0,24,1,14,3,20,0
1.921E14,1.922E14,1.923E14,1.924E14,1.925E14,1.926E14,1.927E14,1.928E14,1.929E14,1.93E14,1.931E14,1.932E14,1.933E14,1.934E14,1.935E14,0.0,0.0,0.0,0.0,0.0,0.0,0.0,0.0,0.0,0.0,0.0,0.0,0.0,0.0,0.0,0.0,0.0,0.0,0.0,0.0,0.0,0.0,0.0,0.0,0.0,24,2,14,2,24,0
1.921E14,1.922E14,1.923E14,1.924E14,1.925E14,1.926E14,1.927E14,1.928E14,1.929E14,1.93E14,1.931E14,1.932E14,1.933E14,1.934E14,1.935E14,0.0,0.0,0.0,0.0,0.0,0.0,0.0,0.0,0.0,0.0,0.0,0.0,0.0,0.0,0.0,0.0,0.0,0.0,0.0,0.0,0.0,0.0,0.0,0.0,0.0,24,2,14,2,22,0
1.921E14,1.922E14,1.923E14,1.924E14,1.925E14,1.926E14,1.927E14,1.928E14,1.929E14,1.93E14,1.931E14,1.932E14,1.933E14,1.934E14,1.935E14,0.0,0.0,0.0,0.0,0.0,0.0,0.0,0.0,0.0,0.0,0.0,0.0,0.0,0.0,0.0,0.0,0.0,0.0,0.0,0.0,0.0,0.0,0.0,0.0,0.0,24,2,14,2,21,1
1.921E14,1.922E14,1.923E14,1.924E14,1.925E14,1.926E14,1.927E14,1.928E14,1.929E14,1.93E14,1.931E14,1.932E14,1.933E14,1.934E14,1.935E14,0.0,0.0,0.0,0.0,0.0,0.0,0.0,0.0,0.0,0.0,0.0,0.0,0.0,0.0,0.0,0.0,0.0,0.0,0.0,0.0,0.0,0.0,0.0,0.0,0.0,24,2,14,2,20,0
1.921E14,1.922E14,1.923E14,1.924E14,1.925E14,1.926E14,1.927E14,1.928E14,1.929E14,1.93E14,1.931E14,1.932E14,1.933E14,1.934E14,1.935E14,0.0,0.0,0.0,0.0,0.0,0.0,0.0,0.0,0.0,0.0,0.0,0.0,0.0,0.0,0.0,0.0,0.0,0.0,0.0,0.0,0.0,0.0,0.0,0.0,0.0,24,3,14,1,24,1
1.921E14,1.922E14,1.923E14,1.924E14,1.925E14,1.926E14,1.927E14,1.928E14,1.929E14,1.93E14,1.931E14,1.932E14,1.933E14,1.934E14,1.935E14,0.0,0.0,0.0,0.0,0.0,0.0,0.0,0.0,0.0,0.0,0.0,0.0,0.0,0.0,0.0,0.0,0.0,0.0,0.0,0.0,0.0,0.0,0.0,0.0,0.0,24,3,14,1,22,1
1.921E14,1.922E14,1.923E14,1.924E14,1.925E14,1.926E14,1.927E14,1.928E14,1.929E14,1.93E14,1.931E14,1.932E14,1.933E14,1.934E14,1.935E14,0.0,0.0,0.0,0.0,0.0,0.0,0.0,0.0,0.0,0.0,0.0,0.0,0.0,0.0,0.0,0.0,0.0,0.0,0.0,0.0,0.0,0.0,0.0,0.0,0.0,24,3,14,1,21,0
1.921E14,1.922E14,1.923E14,1.924E14,1.925E14,1.926E14,1.927E14,1.928E14,1.929E14,1.93E14,1.931E14,1.932E14,1.933E14,1.934E14,1.935E14,0.0,0.0,0.0,0.0,0.0,0.0,0.0,0.0,0.0,0.0,0.0,0.0,0.0,0.0,0.0,0.0,0.0,0.0,0.0,0.0,0.0,0.0,0.0,0.0,0.0,24,3,14,1,20,0
1.921E14,1.922E14,1.923E14,1.924E14,1.925E14,1.926E14,1.927E14,1.928E14,1.929E14,1.93E14,1.931E14,1.932E14,1.933E14,1.934E14,1.935E14,0.0,0.0,0.0,0.0,0.0,0.0,0.0,0.0,0.0,0.0,0.0,0.0,0.0,0.0,0.0,0.0,0.0,0.0,0.0,0.0,0.0,0.0,0.0,0.0,0.0,24,4,14,0,24,1
1.921E14,1.922E14,1.923E14,1.924E14,1.925E14,1.926E14,1.927E14,1.928E14,1.929E14,1.93E14,1.931E14,1.932E14,1.933E14,1.934E14,1.935E14,0.0,0.0,0.0,0.0,0.0,0.0,0.0,0.0,0.0,0.0,0.0,0.0,0.0,0.0,0.0,0.0,0.0,0.0,0.0,0.0,0.0,0.0,0.0,0.0,0.0,24,4,14,0,22,0
1.921E14,1.922E14,1.923E14,1.924E14,1.925E14,1.926E14,1.927E14,1.928E14,1.929E14,1.93E14,1.931E14,1.932E14,1.933E14,1.934E14,1.935E14,0.0,0.0,0.0,0.0,0.0,0.0,0.0,0.0,0.0,0.0,0.0,0.0,0.0,0.0,0.0,0.0,0.0,0.0,0.0,0.0,0.0,0.0,0.0,0.0,0.0,24,4,14,0,21,1
1.921E14,1.922E14,1.923E14,1.924E14,1.925E14,1.926E14,1.927E14,1.928E14,1.929E14,1.93E14,1.931E14,1.932E14,1.933E14,1.934E14,1.935E14,0.0,0.0,0.0,0.0,0.0,0.0,0.0,0.0,0.0,0.0,0.0,0.0,0.0,0.0,0.0,0.0,0.0,0.0,0.0,0.0,0.0,0.0,0.0,0.0,0.0,24,4,14,0,20,0
1.921E14,1.922E14,1.923E14,1.924E14,1.925E14,1.926E14,1.927E14,1.928E14,1.929E14,1.93E14,1.931E14,1.932E14,1.933E14,1.934E14,1.935E14,0.0,0.0,0.0,0.0,0.0,0.0,0.0,0.0,0.0,0.0,0.0,0.0,0.0,0.0,0.0,0.0,0.0,0.0,0.0,0.0,0.0,0.0,0.0,0.0,0.0,24,1,15,4,24,0
1.921E14,1.922E14,1.923E14,1.924E14,1.925E14,1.926E14,1.927E14,1.928E14,1.929E14,1.93E14,1.931E14,1.932E14,1.933E14,1.934E14,1.935E14,0.0,0.0,0.0,0.0,0.0,0.0,0.0,0.0,0.0,0.0,0.0,0.0,0.0,0.0,0.0,0.0,0.0,0.0,0.0,0.0,0.0,0.0,0.0,0.0,0.0,24,1,15,4,22,0
1.921E14,1.922E14,1.923E14,1.924E14,1.925E14,1.926E14,1.927E14,1.928E14,1.929E14,1.93E14,1.931E14,1.932E14,1.933E14,1.934E14,1.935E14,0.0,0.0,0.0,0.0,0.0,0.0,0.0,0.0,0.0,0.0,0.0,0.0,0.0,0.0,0.0,0.0,0.0,0.0,0.0,0.0,0.0,0.0,0.0,0.0,0.0,24,1,15,4,21,0
1.921E14,1.922E14,1.923E14,1.924E14,1.925E14,1.926E14,1.927E14,1.928E14,1.929E14,1.93E14,1.931E14,1.932E14,1.933E14,1.934E14,1.935E14,0.0,0.0,0.0,0.0,0.0,0.0,0.0,0.0,0.0,0.0,0.0,0.0,0.0,0.0,0.0,0.0,0.0,0.0,0.0,0.0,0.0,0.0,0.0,0.0,0.0,24,1,15,4,20,0
1.921E14,1.922E14,1.923E14,1.924E14,1.925E14,1.926E14,1.927E14,1.928E14,1.929E14,1.93E14,1.931E14,1.932E14,1.933E14,1.934E14,1.935E14,0.0,0.0,0.0,0.0,0.0,0.0,0.0,0.0,0.0,0.0,0.0,0.0,0.0,0.0,0.0,0.0,0.0,0.0,0.0,0.0,0.0,0.0,0.0,0.0,0.0,24,2,15,3,24,0
1.921E14,1.922E14,1.923E14,1.924E14,1.925E14,1.926E14,1.927E14,1.928E14,1.929E14,1.93E14,1.931E14,1.932E14,1.933E14,1.934E14,1.935E14,0.0,0.0,0.0,0.0,0.0,0.0,0.0,0.0,0.0,0.0,0.0,0.0,0.0,0.0,0.0,0.0,0.0,0.0,0.0,0.0,0.0,0.0,0.0,0.0,0.0,24,2,15,3,22,0
1.921E14,1.922E14,1.923E14,1.924E14,1.925E14,1.926E14,1.927E14,1.928E14,1.929E14,1.93E14,1.931E14,1.932E14,1.933E14,1.934E14,1.935E14,0.0,0.0,0.0,0.0,0.0,0.0,0.0,0.0,0.0,0.0,0.0,0.0,0.0,0.0,0.0,0.0,0.0,0.0,0.0,0.0,0.0,0.0,0.0,0.0,0.0,24,2,15,3,21,0
1.921E14,1.922E14,1.923E14,1.924E14,1.925E14,1.926E14,1.927E14,1.928E14,1.929E14,1.93E14,1.931E14,1.932E14,1.933E14,1.934E14,1.935E14,0.0,0.0,0.0,0.0,0.0,0.0,0.0,0.0,0.0,0.0,0.0,0.0,0.0,0.0,0.0,0.0,0.0,0.0,0.0,0.0,0.0,0.0,0.0,0.0,0.0,24,2,15,3,20,0
1.921E14,1.922E14,1.923E14,1.924E14,1.925E14,1.926E14,1.927E14,1.928E14,1.929E14,1.93E14,1.931E14,1.932E14,1.933E14,1.934E14,1.935E14,0.0,0.0,0.0,0.0,0.0,0.0,0.0,0.0,0.0,0.0,0.0,0.0,0.0,0.0,0.0,0.0,0.0,0.0,0.0,0.0,0.0,0.0,0.0,0.0,0.0,24,3,15,2,24,0
1.921E14,1.922E14,1.923E14,1.924E14,1.925E14,1.926E14,1.927E14,1.928E14,1.929E14,1.93E14,1.931E14,1.932E14,1.933E14,1.934E14,1.935E14,0.0,0.0,0.0,0.0,0.0,0.0,0.0,0.0,0.0,0.0,0.0,0.0,0.0,0.0,0.0,0.0,0.0,0.0,0.0,0.0,0.0,0.0,0.0,0.0,0.0,24,3,15,2,21,1
1.921E14,1.922E14,1.923E14,1.924E14,1.925E14,1.926E14,1.927E14,1.928E14,1.929E14,1.93E14,1.931E14,1.932E14,1.933E14,1.934E14,1.935E14,1.936E14,1.937E14,1.938E14,1.939E14,1.94E14,0.0,0.0,0.0,0.0,0.0,0.0,0.0,0.0,0.0,0.0,0.0,0.0,0.0,0.0,0.0,0.0,0.0,0.0,0.0,0.0,24,1,15,8,24,0
1.921E14,1.922E14,1.923E14,1.924E14,1.925E14,1.926E14,1.927E14,1.928E14,1.929E14,1.93E14,1.931E14,1.932E14,1.933E14,1.934E14,1.935E14,1.936E14,1.937E14,1.938E14,1.939E14,1.94E14,0.0,0.0,0.0,0.0,0.0,0.0,0.0,0.0,0.0,0.0,0.0,0.0,0.0,0.0,0.0,0.0,0.0,0.0,0.0,0.0,24,4,18,8,24,0
1.921E14,1.922E14,1.923E14,1.924E14,1.925E14,1.926E14,1.927E14,1.928E14,1.929E14,1.93E14,1.931E14,1.932E14,1.933E14,1.934E14,1.935E14,1.936E14,1.937E14,1.938E14,1.939E14,1.94E14,0.0,0.0,0.0,0.0,0.0,0.0,0.0,0.0,0.0,0.0,0.0,0.0,0.0,0.0,0.0,0.0,0.0,0.0,0.0,0.0,24,5,21,10,24,0
1.921E14,1.922E14,1.923E14,1.924E14,1.925E14,1.926E14,1.927E14,1.928E14,1.929E14,1.93E14,1.931E14,1.932E14,1.933E14,1.934E14,1.935E14,1.936E14,1.937E14,1.938E14,1.939E14,1.94E14,0.0,0.0,0.0,0.0,0.0,0.0,0.0,0.0,0.0,0.0,0.0,0.0,0.0,0.0,0.0,0.0,0.0,0.0,0.0,0.0,24,6,22,10,24,0
1.921E14,1.922E14,1.923E14,1.924E14,1.925E14,1.926E14,1.927E14,1.928E14,1.929E14,1.93E14,1.931E14,1.932E14,1.933E14,1.934E14,1.935E14,1.936E14,1.937E14,1.938E14,1.939E14,1.94E14,0.0,0.0,0.0,0.0,0.0,0.0,0.0,0.0,0.0,0.0,0.0,0.0,0.0,0.0,0.0,0.0,0.0,0.0,0.0,0.0,24,6,23,11,24,0
1.921E14,1.922E14,1.923E14,1.924E14,1.925E14,1.926E14,1.927E14,1.928E14,1.929E14,1.93E14,1.931E14,1.932E14,1.933E14,1.934E14,1.935E14,1.936E14,1.937E14,1.938E14,1.939E14,1.94E14,0.0,0.0,0.0,0.0,0.0,0.0,0.0,0.0,0.0,0.0,0.0,0.0,0.0,0.0,0.0,0.0,0.0,0.0,0.0,0.0,24,7,24,11,24,0
1.921E14,1.922E14,1.923E14,1.924E14,1.925E14,1.926E14,1.927E14,1.928E14,1.929E14,1.93E14,1.931E14,1.932E14,1.933E14,1.934E14,1.935E14,1.936E14,1.937E14,1.938E14,1.939E14,1.94E14,0.0,0.0,0.0,0.0,0.0,0.0,0.0,0.0,0.0,0.0,0.0,0.0,0.0,0.0,0.0,0.0,0.0,0.0,0.0,0.0,24,10,24,8,24,0
1.921E14,1.922E14,1.923E14,1.924E14,1.925E14,1.926E14,1.927E14,1.928E14,1.929E14,1.93E14,1.931E14,1.932E14,1.933E14,1.934E14,1.935E14,1.936E14,1.937E14,1.938E14,1.939E14,1.94E14,0.0,0.0,0.0,0.0,0.0,0.0,0.0,0.0,0.0,0.0,0.0,0.0,0.0,0.0,0.0,0.0,0.0,0.0,0.0,0.0,24,11,24,7,24,0
1.921E14,1.922E14,1.923E14,1.924E14,1.925E14,1.926E14,1.927E14,1.928E14,1.929E14,1.93E14,1.931E14,1.932E14,1.933E14,1.934E14,1.935E14,1.936E14,1.937E14,1.938E14,1.939E14,1.94E14,0.0,0.0,0.0,0.0,0.0,0.0,0.0,0.0,0.0,0.0,0.0,0.0,0.0,0.0,0.0,0.0,0.0,0.0,0.0,0.0,24,12,24,6,24,0
1.921E14,1.922E14,1.923E14,1.924E14,1.925E14,1.926E14,1.927E14,1.928E14,1.929E14,1.93E14,1.931E14,1.932E14,1.933E14,1.934E14,1.935E14,1.936E14,1.937E14,1.938E14,1.939E14,1.94E14,0.0,0.0,0.0,0.0,0.0,0.0,0.0,0.0,0.0,0.0,0.0,0.0,0.0,0.0,0.0,0.0,0.0,0.0,0.0,0.0,24,13,24,5,24,0
1.921E14,1.922E14,1.923E14,1.924E14,1.925E14,1.926E14,1.927E14,1.928E14,1.929E14,1.93E14,1.931E14,1.932E14,1.933E14,1.934E14,1.935E14,1.936E14,1.937E14,1.938E14,1.939E14,1.94E14,0.0,0.0,0.0,0.0,0.0,0.0,0.0,0.0,0.0,0.0,0.0,0.0,0.0,0.0,0.0,0.0,0.0,0.0,0.0,0.0,24,4,24,13,24,0
1.921E14,1.922E14,1.923E14,1.924E14,1.925E14,1.926E14,1.927E14,1.928E14,1.929E14,1.93E14,1.931E14,1.932E14,1.933E14,1.934E14,1.935E14,1.936E14,1.937E14,1.938E14,1.939E14,1.94E14,0.0,0.0,0.0,0.0,0.0,0.0,0.0,0.0,0.0,0.0,0.0,0.0,0.0,0.0,0.0,0.0,0.0,0.0,0.0,0.0,24,12,24,5,24,0
1.921E14,1.922E14,1.923E14,1.924E14,1.925E14,1.926E14,1.927E14,1.928E14,1.929E14,1.93E14,1.931E14,1.932E14,1.933E14,1.934E14,1.935E14,1.936E14,1.937E14,1.938E14,1.939E14,1.94E14,0.0,0.0,0.0,0.0,0.0,0.0,0.0,0.0,0.0,0.0,0.0,0.0,0.0,0.0,0.0,0.0,0.0,0.0,0.0,0.0,24,13,24,4,24,0
1.921E14,1.922E14,1.923E14,1.924E14,1.925E14,1.926E14,1.927E14,1.928E14,1.929E14,1.93E14,1.931E14,1.932E14,1.933E14,1.934E14,1.935E14,1.936E14,1.937E14,1.938E14,1.939E14,1.94E14,0.0,0.0,0.0,0.0,0.0,0.0,0.0,0.0,0.0,0.0,0.0,0.0,0.0,0.0,0.0,0.0,0.0,0.0,0.0,0.0,23,12,24,5,24,0
1.921E14,1.922E14,1.923E14,1.924E14,1.925E14,1.926E14,1.927E14,1.928E14,1.929E14,1.93E14,1.931E14,1.932E14,1.933E14,1.934E14,1.935E14,1.936E14,1.937E14,1.938E14,1.939E14,1.94E14,0.0,0.0,0.0,0.0,0.0,0.0,0.0,0.0,0.0,0.0,0.0,0.0,0.0,0.0,0.0,0.0,0.0,0.0,0.0,0.0,24,4,24,12,24,0
1.921E14,1.922E14,1.923E14,1.924E14,1.925E14,1.926E14,1.927E14,1.928E14,1.929E14,1.93E14,1.931E14,1.932E14,1.933E14,1.934E14,1.935E14,1.936E14,1.937E14,1.938E14,1.939E14,1.94E14,0.0,0.0,0.0,0.0,0.0,0.0,0.0,0.0,0.0,0.0,0.0,0.0,0.0,0.0,0.0,0.0,0.0,0.0,0.0,0.0,22,10,24,6,24,0
1.921E14,1.922E14,1.923E14,1.924E14,1.925E14,1.926E14,1.927E14,1.928E14,1.929E14,1.93E14,1.931E14,1.932E14,1.933E14,1.934E14,1.935E14,1.936E14,1.937E14,1.938E14,1.939E14,1.94E14,0.0,0.0,0.0,0.0,0.0,0.0,0.0,0.0,0.0,0.0,0.0,0.0,0.0,0.0,0.0,0.0,0.0,0.0,0.0,0.0,22,11,24,5,24,0
1.921E14,1.922E14,1.923E14,1.924E14,1.925E14,1.926E14,1.927E14,1.928E14,1.929E14,1.93E14,1.931E14,1.932E14,1.933E14,1.934E14,1.935E14,1.936E14,1.937E14,1.938E14,1.939E14,1.94E14,0.0,0.0,0.0,0.0,0.0,0.0,0.0,0.0,0.0,0.0,0.0,0.0,0.0,0.0,0.0,0.0,0.0,0.0,0.0,0.0,22,12,24,4,24,0
1.921E14,1.922E14,1.923E14,1.924E14,1.925E14,1.926E14,1.927E14,1.928E14,1.929E14,1.93E14,1.931E14,1.932E14,1.933E14,1.934E14,1.935E14,1.936E14,1.937E14,1.938E14,1.939E14,1.94E14,0.0,0.0,0.0,0.0,0.0,0.0,0.0,0.0,0.0,0.0,0.0,0.0,0.0,0.0,0.0,0.0,0.0,0.0,0.0,0.0,22,13,24,3,24,0
1.921E14,1.922E14,1.923E14,1.924E14,1.925E14,1.926E14,1.927E14,1.928E14,1.929E14,1.93E14,1.931E14,1.932E14,1.933E14,1.934E14,1.935E14,1.936E14,1.937E14,1.938E14,1.939E14,1.94E14,0.0,0.0,0.0,0.0,0.0,0.0,0.0,0.0,0.0,0.0,0.0,0.0,0.0,0.0,0.0,0.0,0.0,0.0,0.0,0.0,24,4,24,11,24,0
1.921E14,1.922E14,1.923E14,1.924E14,1.925E14,1.926E14,1.927E14,1.928E14,1.929E14,1.93E14,1.931E14,1.932E14,1.933E14,1.934E14,1.935E14,1.936E14,1.937E14,1.938E14,1.939E14,1.94E14,0.0,0.0,0.0,0.0,0.0,0.0,0.0,0.0,0.0,0.0,0.0,0.0,0.0,0.0,0.0,0.0,0.0,0.0,0.0,0.0,21,9,24,6,24,0
1.921E14,1.922E14,1.923E14,1.924E14,1.925E14,1.926E14,1.927E14,1.928E14,1.929E14,1.93E14,1.931E14,1.932E14,1.933E14,1.934E14,1.935E14,1.936E14,1.937E14,1.938E14,1.939E14,1.94E14,0.0,0.0,0.0,0.0,0.0,0.0,0.0,0.0,0.0,0.0,0.0,0.0,0.0,0.0,0.0,0.0,0.0,0.0,0.0,0.0,21,10,24,5,24,0
1.921E14,1.922E14,1.923E14,1.924E14,1.925E14,1.926E14,1.927E14,1.928E14,1.929E14,1.93E14,1.931E14,1.932E14,1.933E14,1.934E14,1.935E14,1.936E14,1.937E14,1.938E14,1.939E14,1.94E14,0.0,0.0,0.0,0.0,0.0,0.0,0.0,0.0,0.0,0.0,0.0,0.0,0.0,0.0,0.0,0.0,0.0,0.0,0.0,0.0,22,14,24,2,24,0
1.921E14,1.922E14,1.923E14,1.924E14,1.925E14,1.926E14,1.927E14,1.928E14,1.929E14,1.93E14,1.931E14,1.932E14,1.933E14,1.934E14,1.935E14,1.936E14,1.937E14,1.938E14,1.939E14,1.94E14,1.941E14,1.942E14,1.943E14,1.944E14,1.945E14,1.946E14,1.947E14,1.948E14,1.949E14,1.95E14,0.0,0.0,0.0,0.0,0.0,0.0,0.0,0.0,0.0,0.0,24,1,14,7,24,0
1.921E14,1.922E14,1.923E14,1.924E14,1.925E14,1.926E14,1.927E14,1.928E14,1.929E14,1.93E14,1.931E14,1.932E14,1.933E14,1.934E14,1.935E14,1.936E14,1.937E14,1.938E14,1.939E14,1.94E14,1.941E14,1.942E14,1.943E14,1.944E14,1.945E14,1.946E14,1.947E14,1.948E14,1.949E14,1.95E14,0.0,0.0,0.0,0.0,0.0,0.0,0.0,0.0,0.0,0.0,24,2,14,6,24,0
1.921E14,1.922E14,1.923E14,1.924E14,1.925E14,1.926E14,1.927E14,1.928E14,1.929E14,1.93E14,1.931E14,1.932E14,1.933E14,1.934E14,1.935E14,1.936E14,1.937E14,1.938E14,1.939E14,1.94E14,1.941E14,1.942E14,1.943E14,1.944E14,1.945E14,1.946E14,1.947E14,1.948E14,1.949E14,1.95E14,0.0,0.0,0.0,0.0,0.0,0.0,0.0,0.0,0.0,0.0,24,3,14,5,24,0
1.921E14,1.922E14,1.923E14,1.924E14,1.925E14,1.926E14,1.927E14,1.928E14,1.929E14,1.93E14,1.931E14,1.932E14,1.933E14,1.934E14,1.935E14,1.936E14,1.937E14,1.938E14,1.939E14,1.94E14,1.941E14,1.942E14,1.943E14,1.944E14,1.945E14,1.946E14,1.947E14,1.948E14,1.949E14,1.95E14,0.0,0.0,0.0,0.0,0.0,0.0,0.0,0.0,0.0,0.0,24,4,14,4,24,0
1.921E14,1.922E14,1.923E14,1.924E14,1.925E14,1.926E14,1.927E14,1.928E14,1.929E14,1.93E14,1.931E14,1.932E14,1.933E14,1.934E14,1.935E14,1.936E14,1.937E14,1.938E14,1.939E14,1.94E14,1.941E14,1.942E14,1.943E14,1.944E14,1.945E14,1.946E14,1.947E14,1.948E14,1.949E14,1.95E14,0.0,0.0,0.0,0.0,0.0,0.0,0.0,0.0,0.0,0.0,24,5,14,3,24,0
1.921E14,1.922E14,1.923E14,1.924E14,1.925E14,1.926E14,1.927E14,1.928E14,1.929E14,1.93E14,1.931E14,1.932E14,1.933E14,1.934E14,1.935E14,1.936E14,1.937E14,1.938E14,1.939E14,1.94E14,1.941E14,1.942E14,1.943E14,1.944E14,1.945E14,1.946E14,1.947E14,1.948E14,1.949E14,1.95E14,0.0,0.0,0.0,0.0,0.0,0.0,0.0,0.0,0.0,0.0,24,6,14,2,24,0
1.921E14,1.922E14,1.923E14,1.924E14,1.925E14,1.926E14,1.927E14,1.928E14,1.929E14,1.93E14,1.931E14,1.932E14,1.933E14,1.934E14,1.935E14,1.936E14,1.937E14,1.938E14,1.939E14,1.94E14,1.941E14,1.942E14,1.943E14,1.944E14,1.945E14,1.946E14,1.947E14,1.948E14,1.949E14,1.95E14,0.0,0.0,0.0,0.0,0.0,0.0,0.0,0.0,0.0,0.0,24,7,14,1,24,0
1.921E14,1.922E14,1.923E14,1.924E14,1.925E14,1.926E14,1.927E14,1.928E14,1.929E14,1.93E14,1.931E14,1.932E14,1.933E14,1.934E14,1.935E14,1.936E14,1.937E14,1.938E14,1.939E14,1.94E14,1.941E14,1.942E14,1.943E14,1.944E14,1.945E14,1.946E14,1.947E14,1.948E14,1.949E14,1.95E14,0.0,0.0,0.0,0.0,0.0,0.0,0.0,0.0,0.0,0.0,24,1,14,6,24,0
1.921E14,1.922E14,1.923E14,1.924E14,1.925E14,1.926E14,1.927E14,1.928E14,1.929E14,1.93E14,1.931E14,1.932E14,1.933E14,1.934E14,1.935E14,1.936E14,1.937E14,1.938E14,1.939E14,1.94E14,1.941E14,1.942E14,1.943E14,1.944E14,1.945E14,1.946E14,1.947E14,1.948E14,1.949E14,1.95E14,0.0,0.0,0.0,0.0,0.0,0.0,0.0,0.0,0.0,0.0,24,2,14,5,24,0
1.921E14,1.922E14,1.923E14,1.924E14,1.925E14,1.926E14,1.927E14,1.928E14,1.929E14,1.93E14,1.931E14,1.932E14,1.933E14,1.934E14,1.935E14,1.936E14,1.937E14,1.938E14,1.939E14,1.94E14,1.941E14,1.942E14,1.943E14,1.944E14,1.945E14,1.946E14,1.947E14,1.948E14,1.949E14,1.95E14,0.0,0.0,0.0,0.0,0.0,0.0,0.0,0.0,0.0,0.0,24,2,14,5,23,0
1.921E14,1.922E14,1.923E14,1.924E14,1.925E14,1.926E14,1.927E14,1.928E14,1.929E14,1.93E14,1.931E14,1.932E14,1.933E14,1.934E14,1.935E14,1.936E14,1.937E14,1.938E14,1.939E14,1.94E14,1.941E14,1.942E14,1.943E14,1.944E14,1.945E14,1.946E14,1.947E14,1.948E14,1.949E14,1.95E14,0.0,0.0,0.0,0.0,0.0,0.0,0.0,0.0,0.0,0.0,24,3,14,4,24,0
1.921E14,1.922E14,1.923E14,1.924E14,1.925E14,1.926E14,1.927E14,1.928E14,1.929E14,1.93E14,1.931E14,1.932E14,1.933E14,1.934E14,1.935E14,1.936E14,1.937E14,1.938E14,1.939E14,1.94E14,1.941E14,1.942E14,1.943E14,1.944E14,1.945E14,1.946E14,1.947E14,1.948E14,1.949E14,1.95E14,0.0,0.0,0.0,0.0,0.0,0.0,0.0,0.0,0.0,0.0,24,3,14,4,23,0
1.921E14,1.922E14,1.923E14,1.924E14,1.925E14,1.926E14,1.927E14,1.928E14,1.929E14,1.93E14,1.931E14,1.932E14,1.933E14,1.934E14,1.935E14,1.936E14,1.937E14,1.938E14,1.939E14,1.94E14,1.941E14,1.942E14,1.943E14,1.944E14,1.945E14,1.946E14,1.947E14,1.948E14,1.949E14,1.95E14,0.0,0.0,0.0,0.0,0.0,0.0,0.0,0.0,0.0,0.0,24,4,14,3,24,0
1.921E14,1.922E14,1.923E14,1.924E14,1.925E14,1.926E14,1.927E14,1.928E14,1.929E14,1.93E14,1.931E14,1.932E14,1.933E14,1.934E14,1.935E14,1.936E14,1.937E14,1.938E14,1.939E14,1.94E14,1.941E14,1.942E14,1.943E14,1.944E14,1.945E14,1.946E14,1.947E14,1.948E14,1.949E14,1.95E14,0.0,0.0,0.0,0.0,0.0,0.0,0.0,0.0,0.0,0.0,24,4,14,3,23,0
1.921E14,1.922E14,1.923E14,1.924E14,1.925E14,1.926E14,1.927E14,1.928E14,1.929E14,1.93E14,1.931E14,1.932E14,1.933E14,1.934E14,1.935E14,1.936E14,1.937E14,1.938E14,1.939E14,1.94E14,1.941E14,1.942E14,1.943E14,1.944E14,1.945E14,1.946E14,1.947E14,1.948E14,1.949E14,1.95E14,0.0,0.0,0.0,0.0,0.0,0.0,0.0,0.0,0.0,0.0,24,5,14,2,24,0
1.921E14,1.922E14,1.923E14,1.924E14,1.925E14,1.926E14,1.927E14,1.928E14,1.929E14,1.93E14,1.931E14,1.932E14,1.933E14,1.934E14,1.935E14,1.936E14,1.937E14,1.938E14,1.939E14,1.94E14,1.941E14,1.942E14,1.943E14,1.944E14,1.945E14,1.946E14,1.947E14,1.948E14,1.949E14,1.95E14,0.0,0.0,0.0,0.0,0.0,0.0,0.0,0.0,0.0,0.0,24,5,14,2,23,0
1.921E14,1.922E14,1.923E14,1.924E14,1.925E14,1.926E14,1.927E14,1.928E14,1.929E14,1.93E14,1.931E14,1.932E14,1.933E14,1.934E14,1.935E14,1.936E14,1.937E14,1.938E14,1.939E14,1.94E14,1.941E14,1.942E14,1.943E14,1.944E14,1.945E14,1.946E14,1.947E14,1.948E14,1.949E14,1.95E14,0.0,0.0,0.0,0.0,0.0,0.0,0.0,0.0,0.0,0.0,24,1,14,5,24,0
1.921E14,1.922E14,1.923E14,1.924E14,1.925E14,1.926E14,1.927E14,1.928E14,1.929E14,1.93E14,1.931E14,1.932E14,1.933E14,1.934E14,1.935E14,1.936E14,1.937E14,1.938E14,1.939E14,1.94E14,1.941E14,1.942E14,1.943E14,1.944E14,1.945E14,1.946E14,1.947E14,1.948E14,1.949E14,1.95E14,0.0,0.0,0.0,0.0,0.0,0.0,0.0,0.0,0.0,0.0,24,0,14,6,22,0
1.921E14,1.922E14,1.923E14,1.924E14,1.925E14,1.926E14,1.927E14,1.928E14,1.929E14,1.93E14,1.931E14,1.932E14,1.933E14,1.934E14,1.935E14,1.936E14,1.937E14,1.938E14,1.939E14,1.94E14,1.941E14,1.942E14,1.943E14,1.944E14,1.945E14,1.946E14,1.947E14,1.948E14,1.949E14,1.95E14,0.0,0.0,0.0,0.0,0.0,0.0,0.0,0.0,0.0,0.0,24,2,14,4,23,0
1.921E14,1.922E14,1.923E14,1.924E14,1.925E14,1.926E14,1.927E14,1.928E14,1.929E14,1.93E14,1.931E14,1.932E14,1.933E14,1.934E14,1.935E14,1.936E14,1.937E14,1.938E14,1.939E14,1.94E14,1.941E14,1.942E14,1.943E14,1.944E14,1.945E14,1.946E14,1.947E14,1.948E14,1.949E14,1.95E14,0.0,0.0,0.0,0.0,0.0,0.0,0.0,0.0,0.0,0.0,24,2,14,4,22,0
1.921E14,1.922E14,1.923E14,1.924E14,1.925E14,1.926E14,1.927E14,1.928E14,1.929E14,1.93E14,1.931E14,1.932E14,1.933E14,1.934E14,1.935E14,1.936E14,1.937E14,1.938E14,1.939E14,1.94E14,1.941E14,1.942E14,1.943E14,1.944E14,1.945E14,1.946E14,1.947E14,1.948E14,1.949E14,1.95E14,0.0,0.0,0.0,0.0,0.0,0.0,0.0,0.0,0.0,0.0,24,3,14,3,24,1
1.921E14,1.922E14,1.923E14,1.924E14,1.925E14,1.926E14,1.927E14,1.928E14,1.929E14,1.93E14,1.931E14,1.932E14,1.933E14,1.934E14,1.935E14,1.936E14,1.937E14,1.938E14,1.939E14,1.94E14,1.941E14,1.942E14,1.943E14,1.944E14,1.945E14,1.946E14,1.947E14,1.948E14,1.949E14,1.95E14,0.0,0.0,0.0,0.0,0.0,0.0,0.0,0.0,0.0,0.0,24,3,14,3,22,0
1.921E14,1.922E14,1.923E14,1.924E14,1.925E14,1.926E14,1.927E14,1.928E14,1.929E14,1.93E14,1.931E14,1.932E14,1.933E14,1.934E14,1.935E14,1.936E14,1.937E14,1.938E14,1.939E14,1.94E14,1.941E14,1.942E14,1.943E14,1.944E14,1.945E14,1.946E14,1.947E14,1.948E14,1.949E14,1.95E14,0.0,0.0,0.0,0.0,0.0,0.0,0.0,0.0,0.0,0.0,24,4,14,2,24,0
1.921E14,1.922E14,1.923E14,1.924E14,1.925E14,1.926E14,1.927E14,1.928E14,1.929E14,1.93E14,1.931E14,1.932E14,1.933E14,1.934E14,1.935E14,1.936E14,1.937E14,1.938E14,1.939E14,1.94E14,1.941E14,1.942E14,1.943E14,1.944E14,1.945E14,1.946E14,1.947E14,1.948E14,1.949E14,1.95E14,0.0,0.0,0.0,0.0,0.0,0.0,0.0,0.0,0.0,0.0,24,4,14,2,22,0
1.921E14,1.922E14,1.923E14,1.924E14,1.925E14,1.926E14,1.927E14,1.928E14,1.929E14,1.93E14,1.931E14,1.932E14,1.933E14,1.934E14,1.935E14,1.936E14,1.937E14,1.938E14,1.939E14,1.94E14,1.941E14,1.942E14,1.943E14,1.944E14,1.945E14,1.946E14,1.947E14,1.948E14,1.949E14,1.95E14,0.0,0.0,0.0,0.0,0.0,0.0,0.0,0.0,0.0,0.0,24,5,14,1,24,0
1.921E14,1.922E14,1.923E14,1.924E14,1.925E14,1.926E14,1.927E14,1.928E14,1.929E14,1.93E14,1.931E14,1.932E14,1.933E14,1.934E14,1.935E14,1.936E14,1.937E14,1.938E14,1.939E14,1.94E14,1.941E14,1.942E14,1.943E14,1.944E14,1.945E14,1.946E14,1.947E14,1.948E14,1.949E14,1.95E14,0.0,0.0,0.0,0.0,0.0,0.0,0.0,0.0,0.0,0.0,24,5,14,1,22,0
1.921E14,1.922E14,1.923E14,1.924E14,1.925E14,1.926E14,1.927E14,1.928E14,1.929E14,1.93E14,1.931E14,1.932E14,1.933E14,1.934E14,1.935E14,1.936E14,1.937E14,1.938E14,1.939E14,1.94E14,1.941E14,1.942E14,1.943E14,1.944E14,1.945E14,1.946E14,1.947E14,1.948E14,1.949E14,1.95E14,0.0,0.0,0.0,0.0,0.0,0.0,0.0,0.0,0.0,0.0,24,6,14,0,24,0
1.921E14,1.922E14,1.923E14,1.924E14,1.925E14,1.926E14,1.927E14,1.928E14,1.929E14,1.93E14,1.931E14,1.932E14,1.933E14,1.934E14,1.935E14,1.936E14,1.937E14,1.938E14,1.939E14,1.94E14,1.941E14,1.942E14,1.943E14,1.944E14,1.945E14,1.946E14,1.947E14,1.948E14,1.949E14,1.95E14,0.0,0.0,0.0,0.0,0.0,0.0,0.0,0.0,0.0,0.0,24,6,14,0,22,0
1.921E14,1.922E14,1.923E14,1.924E14,1.925E14,1.926E14,1.927E14,1.928E14,1.929E14,1.93E14,1.931E14,1.932E14,1.933E14,1.934E14,1.935E14,1.936E14,1.937E14,1.938E14,1.939E14,1.94E14,1.941E14,1.942E14,1.943E14,1.944E14,1.945E14,1.946E14,1.947E14,1.948E14,1.949E14,1.95E14,0.0,0.0,0.0,0.0,0.0,0.0,0.0,0.0,0.0,0.0,23,0,14,5,24,0
1.921E14,1.922E14,1.923E14,1.924E14,1.925E14,1.926E14,1.927E14,1.928E14,1.929E14,1.93E14,1.931E14,1.932E14,1.933E14,1.934E14,1.935E14,1.936E14,1.937E14,1.938E14,1.939E14,1.94E14,1.941E14,1.942E14,1.943E14,1.944E14,1.945E14,1.946E14,1.947E14,1.948E14,1.949E14,1.95E14,0.0,0.0,0.0,0.0,0.0,0.0,0.0,0.0,0.0,0.0,23,1,14,4,22,0
1.921E14,1.922E14,1.923E14,1.924E14,1.925E14,1.926E14,1.927E14,1.928E14,1.929E14,1.93E14,1.931E14,1.932E14,1.933E14,1.934E14,1.935E14,1.936E14,1.937E14,1.938E14,1.939E14,1.94E14,1.941E14,1.942E14,1.943E14,1.944E14,1.945E14,1.946E14,1.947E14,1.948E14,1.949E14,1.95E14,1.951E14,1.952E14,1.953E14,1.954E14,1.955E14,1.956E14,1.957E14,1.958E14,1.959E14,1.96E14,23,2,18,9,24,0
1.921E14,1.922E14,1.923E14,1.924E14,1.925E14,1.926E14,1.927E14,1.928E14,1.929E14,1.93E14,1.931E14,1.932E14,1.933E14,1.934E14,1.935E14,1.936E14,1.937E14,1.938E14,1.939E14,1.94E14,1.941E14,1.942E14,1.943E14,1.944E14,1.945E14,1.946E14,1.947E14,1.948E14,1.949E14,1.95E14,1.951E14,1.952E14,1.953E14,1.954E14,1.955E14,1.956E14,1.957E14,1.958E14,1.959E14,1.96E14,23,4,19,8,24,0
1.921E14,1.922E14,1.923E14,1.924E14,1.925E14,1.926E14,1.927E14,1.928E14,1.929E14,1.93E14,1.931E14,1.932E14,1.933E14,1.934E14,1.935E14,1.936E14,1.937E14,1.938E14,1.939E14,1.94E14,1.941E14,1.942E14,1.943E14,1.944E14,1.945E14,1.946E14,1.947E14,1.948E14,1.949E14,1.95E14,1.951E14,1.952E14,1.953E14,1.954E14,1.955E14,1.956E14,1.957E14,1.958E14,1.959E14,1.96E14,23,4,20,9,24,0
1.921E14,1.922E14,1.923E14,1.924E14,1.925E14,1.926E14,1.927E14,1.928E14,1.929E14,1.93E14,1.931E14,1.932E14,1.933E14,1.934E14,1.935E14,1.936E14,1.937E14,1.938E14,1.939E14,1.94E14,1.941E14,1.942E14,1.943E14,1.944E14,1.945E14,1.946E14,1.947E14,1.948E14,1.949E14,1.95E14,1.951E14,1.952E14,1.953E14,1.954E14,1.955E14,1.956E14,1.957E14,1.958E14,1.959E14,1.96E14,23,4,21,10,24,0
1.921E14,1.922E14,1.923E14,1.924E14,1.925E14,1.926E14,1.927E14,1.928E14,1.929E14,1.93E14,1.931E14,1.932E14,1.933E14,1.934E14,1.935E14,1.936E14,1.937E14,1.938E14,1.939E14,1.94E14,1.941E14,1.942E14,1.943E14,1.944E14,1.945E14,1.946E14,1.947E14,1.948E14,1.949E14,1.95E14,1.951E14,1.952E14,1.953E14,1.954E14,1.955E14,1.956E14,1.957E14,1.958E14,1.959E14,1.96E14,23,4,22,11,24,0
1.921E14,1.922E14,1.923E14,1.924E14,1.925E14,1.926E14,1.927E14,1.928E14,1.929E14,1.93E14,1.931E14,1.932E14,1.933E14,1.934E14,1.935E14,1.936E14,1.937E14,1.938E14,1.939E14,1.94E14,1.941E14,1.942E14,1.943E14,1.944E14,1.945E14,1.946E14,1.947E14,1.948E14,1.949E14,1.95E14,1.951E14,1.952E14,1.953E14,1.954E14,1.955E14,1.956E14,1.957E14,1.958E14,1.959E14,1.96E14,23,5,23,11,24,0
1.921E14,1.922E14,1.923E14,1.924E14,1.925E14,1.926E14,1.927E14,1.928E14,1.929E14,1.93E14,1.931E14,1.932E14,1.933E14,1.934E14,1.935E14,1.936E14,1.937E14,1.938E14,1.939E14,1.94E14,1.941E14,1.942E14,1.943E14,1.944E14,1.945E14,1.946E14,1.947E14,1.948E14,1.949E14,1.95E14,1.951E14,1.952E14,1.953E14,1.954E14,1.955E14,1.956E14,1.957E14,1.958E14,1.959E14,1.96E14,23,6,24,11,24,0
1.921E14,1.922E14,1.923E14,1.924E14,1.925E14,1.926E14,1.927E14,1.928E14,1.929E14,1.93E14,1.931E14,1.932E14,1.933E14,1.934E14,1.935E14,1.936E14,1.937E14,1.938E14,1.939E14,1.94E14,1.941E14,1.942E14,1.943E14,1.944E14,1.945E14,1.946E14,1.947E14,1.948E14,1.949E14,1.95E14,1.951E14,1.952E14,1.953E14,1.954E14,1.955E14,1.956E14,1.957E14,1.958E14,1.959E14,1.96E14,22,5,24,11,24,0
1.921E14,1.922E14,1.923E14,1.924E14,1.925E14,1.926E14,1.927E14,1.928E14,1.929E14,1.93E14,1.931E14,1.932E14,1.933E14,1.934E14,1.935E14,1.936E14,1.937E14,1.938E14,1.939E14,1.94E14,1.941E14,1.942E14,1.943E14,1.944E14,1.945E14,1.946E14,1.947E14,1.948E14,1.949E14,1.95E14,1.951E14,1.952E14,1.953E14,1.954E14,1.955E14,1.956E14,1.957E14,1.958E14,1.959E14,1.96E14,23,5,23,10,24,0
1.921E14,1.922E14,1.923E14,1.924E14,1.925E14,1.926E14,1.927E14,1.928E14,1.929E14,1.93E14,1.931E14,1.932E14,1.933E14,1.934E14,1.935E14,1.936E14,1.937E14,1.938E14,1.939E14,1.94E14,1.941E14,1.942E14,1.943E14,1.944E14,1.945E14,1.946E14,1.947E14,1.948E14,1.949E14,1.95E14,1.951E14,1.952E14,1.953E14,1.954E14,1.955E14,1.956E14,1.957E14,1.958E14,1.959E14,1.96E14,23,5,23,10,23,0
1.921E14,1.922E14,1.923E14,1.924E14,1.925E14,1.926E14,1.927E14,1.928E14,1.929E14,1.93E14,1.931E14,1.932E14,1.933E14,1.934E14,1.935E14,1.936E14,1.937E14,1.938E14,1.939E14,1.94E14,1.941E14,1.942E14,1.943E14,1.944E14,1.945E14,1.946E14,1.947E14,1.948E14,1.949E14,1.95E14,1.951E14,1.952E14,1.953E14,1.954E14,1.955E14,1.956E14,1.957E14,1.958E14,1.959E14,1.96E14,23,6,24,10,24,0
1.921E14,1.922E14,1.923E14,1.924E14,1.925E14,1.926E14,1.927E14,1.928E14,1.929E14,1.93E14,1.931E14,1.932E14,1.933E14,1.934E14,1.935E14,1.936E14,1.937E14,1.938E14,1.939E14,1.94E14,1.941E14,1.942E14,1.943E14,1.944E14,1.945E14,1.946E14,1.947E14,1.948E14,1.949E14,1.95E14,1.951E14,1.952E14,1.953E14,1.954E14,1.955E14,1.956E14,1.957E14,1.958E14,1.959E14,1.96E14,23,6,24,10,23,0
1.921E14,1.922E14,1.923E14,1.924E14,1.925E14,1.926E14,1.927E14,1.928E14,1.929E14,1.93E14,1.931E14,1.932E14,1.933E14,1.934E14,1.935E14,1.936E14,1.937E14,1.938E14,1.939E14,1.94E14,1.941E14,1.942E14,1.943E14,1.944E14,1.945E14,1.946E14,1.947E14,1.948E14,1.949E14,1.95E14,1.951E14,1.952E14,1.953E14,1.954E14,1.955E14,1.956E14,1.957E14,1.958E14,1.959E14,1.96E14,23,5,23,9,24,0
1.921E14,1.922E14,1.923E14,1.924E14,1.925E14,1.926E14,1.927E14,1.928E14,1.929E14,1.93E14,1.931E14,1.932E14,1.933E14,1.934E14,1.935E14,1.936E14,1.937E14,1.938E14,1.939E14,1.94E14,1.941E14,1.942E14,1.943E14,1.944E14,1.945E14,1.946E14,1.947E14,1.948E14,1.949E14,1.95E14,1.951E14,1.952E14,1.953E14,1.954E14,1.955E14,1.956E14,1.957E14,1.958E14,1.959E14,1.96E14,23,5,23,9,23,1
1.921E14,1.922E14,1.923E14,1.924E14,1.925E14,1.926E14,1.927E14,1.928E14,1.929E14,1.93E14,1.931E14,1.932E14,1.933E14,1.934E14,1.935E14,1.936E14,1.937E14,1.938E14,1.939E14,1.94E14,1.941E14,1.942E14,1.943E14,1.944E14,1.945E14,1.946E14,1.947E14,1.948E14,1.949E14,1.95E14,1.951E14,1.952E14,1.953E14,1.954E14,1.955E14,1.956E14,1.957E14,1.958E14,1.959E14,1.96E14,23,5,23,9,22,0
1.921E14,1.922E14,1.923E14,1.924E14,1.925E14,1.926E14,1.927E14,1.928E14,1.929E14,1.93E14,1.931E14,1.932E14,1.933E14,1.934E14,1.935E14,1.936E14,1.937E14,1.938E14,1.939E14,1.94E14,1.941E14,1.942E14,1.943E14,1.944E14,1.945E14,1.946E14,1.947E14,1.948E14,1.949E14,1.95E14,1.951E14,1.952E14,1.953E14,1.954E14,1.955E14,1.956E14,1.957E14,1.958E14,1.959E14,1.96E14,21,4,24,9,24,0
1.921E14,1.922E14,1.923E14,1.924E14,1.925E14,1.926E14,1.927E14,1.928E14,1.929E14,1.93E14,1.931E14,1.932E14,1.933E14,1.934E14,1.935E14,1.936E14,1.937E14,1.938E14,1.939E14,1.94E14,1.941E14,1.942E14,1.943E14,1.944E14,1.945E14,1.946E14,1.947E14,1.948E14,1.949E14,1.95E14,1.951E14,1.952E14,1.953E14,1.954E14,1.955E14,1.956E14,1.957E14,1.958E14,1.959E14,1.96E14,21,4,24,9,23,0
1.921E14,1.922E14,1.923E14,1.924E14,1.925E14,1.926E14,1.927E14,1.928E14,1.929E14,1.93E14,1.931E14,1.932E14,1.933E14,1.934E14,1.935E14,1.936E14,1.937E14,1.938E14,1.939E14,1.94E14,1.941E14,1.942E14,1.943E14,1.944E14,1.945E14,1.946E14,1.947E14,1.948E14,1.949E14,1.95E14,1.951E14,1.952E14,1.953E14,1.954E14,1.955E14,1.956E14,1.957E14,1.958E14,1.959E14,1.96E14,21,4,24,9,22,0
1.921E14,1.922E14,1.923E14,1.924E14,1.925E14,1.926E14,1.927E14,1.928E14,1.929E14,1.93E14,1.931E14,1.932E14,1.933E14,1.934E14,1.935E14,1.936E14,1.937E14,1.938E14,1.939E14,1.94E14,1.941E14,1.942E14,1.943E14,1.944E14,1.945E14,1.946E14,1.947E14,1.948E14,1.949E14,1.95E14,1.951E14,1.952E14,1.953E14,1.954E14,1.955E14,1.956E14,1.957E14,1.958E14,1.959E14,1.96E14,22,5,24,9,24,0
1.921E14,1.922E14,1.923E14,1.924E14,1.925E14,1.926E14,1.927E14,1.928E14,1.929E14,1.93E14,1.931E14,1.932E14,1.933E14,1.934E14,1.935E14,1.936E14,1.937E14,1.938E14,1.939E14,1.94E14,1.941E14,1.942E14,1.943E14,1.944E14,1.945E14,1.946E14,1.947E14,1.948E14,1.949E14,1.95E14,1.951E14,1.952E14,1.953E14,1.954E14,1.955E14,1.956E14,1.957E14,1.958E14,1.959E14,1.96E14,22,5,24,9,23,1
1.921E14,1.922E14,1.923E14,1.924E14,1.925E14,1.926E14,1.927E14,1.928E14,1.929E14,1.93E14,1.931E14,1.932E14,1.933E14,1.934E14,1.935E14,1.936E14,1.937E14,1.938E14,1.939E14,1.94E14,1.941E14,1.942E14,1.943E14,1.944E14,1.945E14,1.946E14,1.947E14,1.948E14,1.949E14,1.95E14,1.951E14,1.952E14,1.953E14,1.954E14,1.955E14,1.956E14,1.957E14,1.958E14,1.959E14,1.96E14,22,5,24,9,22,0
