1.92086E14,1.922E14,0.0,0.0,0.0,0.0,0.0,0.0,0.0,0.0,0.0,0.0,0.0,0.0,0.0,0.0,0.0,0.0,0.0,0.0,0.0,0.0,0.0,0.0,0.0,0.0,0.0,0.0,0.0,0.0,0.0,0.0,0.0,0.0,0.0,0.0,0.0,0.0,0.0,0.0,17,0,19,1,21,3,24,0
1.92086E14,1.922E14,0.0,0.0,0.0,0.0,0.0,0.0,0.0,0.0,0.0,0.0,0.0,0.0,0.0,0.0,0.0,0.0,0.0,0.0,0.0,0.0,0.0,0.0,0.0,0.0,0.0,0.0,0.0,0.0,0.0,0.0,0.0,0.0,0.0,0.0,0.0,0.0,0.0,0.0,17,0,19,1,22,4,24,0
1.92086E14,1.922E14,0.0,0.0,0.0,0.0,0.0,0.0,0.0,0.0,0.0,0.0,0.0,0.0,0.0,0.0,0.0,0.0,0.0,0.0,0.0,0.0,0.0,0.0,0.0,0.0,0.0,0.0,0.0,0.0,0.0,0.0,0.0,0.0,0.0,0.0,0.0,0.0,0.0,0.0,17,0,19,1,20,2,24,0
1.92086E14,1.922E14,0.0,0.0,0.0,0.0,0.0,0.0,0.0,0.0,0.0,0.0,0.0,0.0,0.0,0.0,0.0,0.0,0.0,0.0,0.0,0.0,0.0,0.0,0.0,0.0,0.0,0.0,0.0,0.0,0.0,0.0,0.0,0.0,0.0,0.0,0.0,0.0,0.0,0.0,17,0,19,1,20,2,22,3
1.92086E14,1.922E14,0.0,0.0,0.0,0.0,0.0,0.0,0.0,0.0,0.0,0.0,0.0,0.0,0.0,0.0,0.0,0.0,0.0,0.0,0.0,0.0,0.0,0.0,0.0,0.0,0.0,0.0,0.0,0.0,0.0,0.0,0.0,0.0,0.0,0.0,0.0,0.0,0.0,0.0,17,0,19,1,23,5,24,0
1.92086E14,1.922E14,0.0,0.0,0.0,0.0,0.0,0.0,0.0,0.0,0.0,0.0,0.0,0.0,0.0,0.0,0.0,0.0,0.0,0.0,0.0,0.0,0.0,0.0,0.0,0.0,0.0,0.0,0.0,0.0,0.0,0.0,0.0,0.0,0.0,0.0,0.0,0.0,0.0,0.0,17,0,19,1,19,1,24,1
1.92086E14,1.922E14,0.0,0.0,0.0,0.0,0.0,0.0,0.0,0.0,0.0,0.0,0.0,0.0,0.0,0.0,0.0,0.0,0.0,0.0,0.0,0.0,0.0,0.0,0.0,0.0,0.0,0.0,0.0,0.0,0.0,0.0,0.0,0.0,0.0,0.0,0.0,0.0,0.0,0.0,17,0,19,1,19,1,23,0
1.92086E14,1.922E14,0.0,0.0,0.0,0.0,0.0,0.0,0.0,0.0,0.0,0.0,0.0,0.0,0.0,0.0,0.0,0.0,0.0,0.0,0.0,0.0,0.0,0.0,0.0,0.0,0.0,0.0,0.0,0.0,0.0,0.0,0.0,0.0,0.0,0.0,0.0,0.0,0.0,0.0,17,0,18,0,22,4,24,0
1.92086E14,1.922E14,0.0,0.0,0.0,0.0,0.0,0.0,0.0,0.0,0.0,0.0,0.0,0.0,0.0,0.0,0.0,0.0,0.0,0.0,0.0,0.0,0.0,0.0,0.0,0.0,0.0,0.0,0.0,0.0,0.0,0.0,0.0,0.0,0.0,0.0,0.0,0.0,0.0,0.0,17,0,18,0,21,3,24,1
1.92086E14,1.922E14,0.0,0.0,0.0,0.0,0.0,0.0,0.0,0.0,0.0,0.0,0.0,0.0,0.0,0.0,0.0,0.0,0.0,0.0,0.0,0.0,0.0,0.0,0.0,0.0,0.0,0.0,0.0,0.0,0.0,0.0,0.0,0.0,0.0,0.0,0.0,0.0,0.0,0.0,17,0,18,0,21,3,20,1
1.92086E14,1.922E14,0.0,0.0,0.0,0.0,0.0,0.0,0.0,0.0,0.0,0.0,0.0,0.0,0.0,0.0,0.0,0.0,0.0,0.0,0.0,0.0,0.0,0.0,0.0,0.0,0.0,0.0,0.0,0.0,0.0,0.0,0.0,0.0,0.0,0.0,0.0,0.0,0.0,0.0,17,0,19,1,18,0,24,1
1.92086E14,1.922E14,0.0,0.0,0.0,0.0,0.0,0.0,0.0,0.0,0.0,0.0,0.0,0.0,0.0,0.0,0.0,0.0,0.0,0.0,0.0,0.0,0.0,0.0,0.0,0.0,0.0,0.0,0.0,0.0,0.0,0.0,0.0,0.0,0.0,0.0,0.0,0.0,0.0,0.0,17,0,19,1,18,0,22,1
1.92086E14,1.922E14,0.0,0.0,0.0,0.0,0.0,0.0,0.0,0.0,0.0,0.0,0.0,0.0,0.0,0.0,0.0,0.0,0.0,0.0,0.0,0.0,0.0,0.0,0.0,0.0,0.0,0.0,0.0,0.0,0.0,0.0,0.0,0.0,0.0,0.0,0.0,0.0,0.0,0.0,17,0,18,0,20,2,23,1
1.92086E14,1.922E14,0.0,0.0,0.0,0.0,0.0,0.0,0.0,0.0,0.0,0.0,0.0,0.0,0.0,0.0,0.0,0.0,0.0,0.0,0.0,0.0,0.0,0.0,0.0,0.0,0.0,0.0,0.0,0.0,0.0,0.0,0.0,0.0,0.0,0.0,0.0,0.0,0.0,0.0,17,0,18,0,20,2,21,1
1.92086E14,1.922E14,0.0,0.0,0.0,0.0,0.0,0.0,0.0,0.0,0.0,0.0,0.0,0.0,0.0,0.0,0.0,0.0,0.0,0.0,0.0,0.0,0.0,0.0,0.0,0.0,0.0,0.0,0.0,0.0,0.0,0.0,0.0,0.0,0.0,0.0,0.0,0.0,0.0,0.0,17,0,18,0,20,2,19,0
1.92086E14,1.922E14,0.0,0.0,0.0,0.0,0.0,0.0,0.0,0.0,0.0,0.0,0.0,0.0,0.0,0.0,0.0,0.0,0.0,0.0,0.0,0.0,0.0,0.0,0.0,0.0,0.0,0.0,0.0,0.0,0.0,0.0,0.0,0.0,0.0,0.0,0.0,0.0,0.0,0.0,17,0,18,0,19,1,24,1
1.92086E14,1.922E14,0.0,0.0,0.0,0.0,0.0,0.0,0.0,0.0,0.0,0.0,0.0,0.0,0.0,0.0,0.0,0.0,0.0,0.0,0.0,0.0,0.0,0.0,0.0,0.0,0.0,0.0,0.0,0.0,0.0,0.0,0.0,0.0,0.0,0.0,0.0,0.0,0.0,0.0,17,0,18,0,19,1,23,3
1.92086E14,1.922E14,0.0,0.0,0.0,0.0,0.0,0.0,0.0,0.0,0.0,0.0,0.0,0.0,0.0,0.0,0.0,0.0,0.0,0.0,0.0,0.0,0.0,0.0,0.0,0.0,0.0,0.0,0.0,0.0,0.0,0.0,0.0,0.0,0.0,0.0,0.0,0.0,0.0,0.0,17,0,18,0,19,1,21,1
1.92086E14,1.922E14,0.0,0.0,0.0,0.0,0.0,0.0,0.0,0.0,0.0,0.0,0.0,0.0,0.0,0.0,0.0,0.0,0.0,0.0,0.0,0.0,0.0,0.0,0.0,0.0,0.0,0.0,0.0,0.0,0.0,0.0,0.0,0.0,0.0,0.0,0.0,0.0,0.0,0.0,17,0,18,0,19,1,20,1
1.92086E14,1.922E14,0.0,0.0,0.0,0.0,0.0,0.0,0.0,0.0,0.0,0.0,0.0,0.0,0.0,0.0,0.0,0.0,0.0,0.0,0.0,0.0,0.0,0.0,0.0,0.0,0.0,0.0,0.0,0.0,0.0,0.0,0.0,0.0,0.0,0.0,0.0,0.0,0.0,0.0,17,0,18,0,19,1,19,0
1.92086E14,1.922E14,0.0,0.0,0.0,0.0,0.0,0.0,0.0,0.0,0.0,0.0,0.0,0.0,0.0,0.0,0.0,0.0,0.0,0.0,0.0,0.0,0.0,0.0,0.0,0.0,0.0,0.0,0.0,0.0,0.0,0.0,0.0,0.0,0.0,0.0,0.0,0.0,0.0,0.0,17,0,18,0,20,3,20,0
1.92086E14,1.922E14,0.0,0.0,0.0,0.0,0.0,0.0,0.0,0.0,0.0,0.0,0.0,0.0,0.0,0.0,0.0,0.0,0.0,0.0,0.0,0.0,0.0,0.0,0.0,0.0,0.0,0.0,0.0,0.0,0.0,0.0,0.0,0.0,0.0,0.0,0.0,0.0,0.0,0.0,17,0,18,0,18,0,24,1
1.92086E14,1.922E14,0.0,0.0,0.0,0.0,0.0,0.0,0.0,0.0,0.0,0.0,0.0,0.0,0.0,0.0,0.0,0.0,0.0,0.0,0.0,0.0,0.0,0.0,0.0,0.0,0.0,0.0,0.0,0.0,0.0,0.0,0.0,0.0,0.0,0.0,0.0,0.0,0.0,0.0,17,0,18,0,18,0,23,1
1.92086E14,1.922E14,0.0,0.0,0.0,0.0,0.0,0.0,0.0,0.0,0.0,0.0,0.0,0.0,0.0,0.0,0.0,0.0,0.0,0.0,0.0,0.0,0.0,0.0,0.0,0.0,0.0,0.0,0.0,0.0,0.0,0.0,0.0,0.0,0.0,0.0,0.0,0.0,0.0,0.0,17,0,18,0,18,0,22,1
1.92086E14,1.922E14,0.0,0.0,0.0,0.0,0.0,0.0,0.0,0.0,0.0,0.0,0.0,0.0,0.0,0.0,0.0,0.0,0.0,0.0,0.0,0.0,0.0,0.0,0.0,0.0,0.0,0.0,0.0,0.0,0.0,0.0,0.0,0.0,0.0,0.0,0.0,0.0,0.0,0.0,17,0,18,0,18,0,21,1
1.92086E14,1.922E14,0.0,0.0,0.0,0.0,0.0,0.0,0.0,0.0,0.0,0.0,0.0,0.0,0.0,0.0,0.0,0.0,0.0,0.0,0.0,0.0,0.0,0.0,0.0,0.0,0.0,0.0,0.0,0.0,0.0,0.0,0.0,0.0,0.0,0.0,0.0,0.0,0.0,0.0,17,0,18,0,18,0,20,1
1.92086E14,1.922E14,0.0,0.0,0.0,0.0,0.0,0.0,0.0,0.0,0.0,0.0,0.0,0.0,0.0,0.0,0.0,0.0,0.0,0.0,0.0,0.0,0.0,0.0,0.0,0.0,0.0,0.0,0.0,0.0,0.0,0.0,0.0,0.0,0.0,0.0,0.0,0.0,0.0,0.0,17,0,18,0,18,0,19,0
1.92086E14,1.922E14,0.0,0.0,0.0,0.0,0.0,0.0,0.0,0.0,0.0,0.0,0.0,0.0,0.0,0.0,0.0,0.0,0.0,0.0,0.0,0.0,0.0,0.0,0.0,0.0,0.0,0.0,0.0,0.0,0.0,0.0,0.0,0.0,0.0,0.0,0.0,0.0,0.0,0.0,17,0,18,1,19,0,21,0
1.92086E14,1.922E14,0.0,0.0,0.0,0.0,0.0,0.0,0.0,0.0,0.0,0.0,0.0,0.0,0.0,0.0,0.0,0.0,0.0,0.0,0.0,0.0,0.0,0.0,0.0,0.0,0.0,0.0,0.0,0.0,0.0,0.0,0.0,0.0,0.0,0.0,0.0,0.0,0.0,0.0,17,0,18,1,19,0,20,0
1.92086E14,1.922E14,0.0,0.0,0.0,0.0,0.0,0.0,0.0,0.0,0.0,0.0,0.0,0.0,0.0,0.0,0.0,0.0,0.0,0.0,0.0,0.0,0.0,0.0,0.0,0.0,0.0,0.0,0.0,0.0,0.0,0.0,0.0,0.0,0.0,0.0,0.0,0.0,0.0,0.0,17,0,18,1,19,0,19,0
1.92086E14,1.92292E14,0.0,0.0,0.0,0.0,0.0,0.0,0.0,0.0,0.0,0.0,0.0,0.0,0.0,0.0,0.0,0.0,0.0,0.0,0.0,0.0,0.0,0.0,0.0,0.0,0.0,0.0,0.0,0.0,0.0,0.0,0.0,0.0,0.0,0.0,0.0,0.0,0.0,0.0,18,1,19,1,19,1,24,1
1.92086E14,1.92292E14,0.0,0.0,0.0,0.0,0.0,0.0,0.0,0.0,0.0,0.0,0.0,0.0,0.0,0.0,0.0,0.0,0.0,0.0,0.0,0.0,0.0,0.0,0.0,0.0,0.0,0.0,0.0,0.0,0.0,0.0,0.0,0.0,0.0,0.0,0.0,0.0,0.0,0.0,18,1,18,0,19,1,24,1
1.92086E14,1.92292E14,0.0,0.0,0.0,0.0,0.0,0.0,0.0,0.0,0.0,0.0,0.0,0.0,0.0,0.0,0.0,0.0,0.0,0.0,0.0,0.0,0.0,0.0,0.0,0.0,0.0,0.0,0.0,0.0,0.0,0.0,0.0,0.0,0.0,0.0,0.0,0.0,0.0,0.0,17,0,19,1,19,1,24,1
1.92086E14,1.92292E14,0.0,0.0,0.0,0.0,0.0,0.0,0.0,0.0,0.0,0.0,0.0,0.0,0.0,0.0,0.0,0.0,0.0,0.0,0.0,0.0,0.0,0.0,0.0,0.0,0.0,0.0,0.0,0.0,0.0,0.0,0.0,0.0,0.0,0.0,0.0,0.0,0.0,0.0,17,0,19,1,19,1,22,1
1.92086E14,1.92292E14,0.0,0.0,0.0,0.0,0.0,0.0,0.0,0.0,0.0,0.0,0.0,0.0,0.0,0.0,0.0,0.0,0.0,0.0,0.0,0.0,0.0,0.0,0.0,0.0,0.0,0.0,0.0,0.0,0.0,0.0,0.0,0.0,0.0,0.0,0.0,0.0,0.0,0.0,17,0,19,1,19,1,20,1
1.92086E14,1.92292E14,0.0,0.0,0.0,0.0,0.0,0.0,0.0,0.0,0.0,0.0,0.0,0.0,0.0,0.0,0.0,0.0,0.0,0.0,0.0,0.0,0.0,0.0,0.0,0.0,0.0,0.0,0.0,0.0,0.0,0.0,0.0,0.0,0.0,0.0,0.0,0.0,0.0,0.0,17,0,19,1,19,1,19,0
1.92086E14,1.92292E14,0.0,0.0,0.0,0.0,0.0,0.0,0.0,0.0,0.0,0.0,0.0,0.0,0.0,0.0,0.0,0.0,0.0,0.0,0.0,0.0,0.0,0.0,0.0,0.0,0.0,0.0,0.0,0.0,0.0,0.0,0.0,0.0,0.0,0.0,0.0,0.0,0.0,0.0,17,0,19,1,18,0,24,1
1.92086E14,1.92292E14,0.0,0.0,0.0,0.0,0.0,0.0,0.0,0.0,0.0,0.0,0.0,0.0,0.0,0.0,0.0,0.0,0.0,0.0,0.0,0.0,0.0,0.0,0.0,0.0,0.0,0.0,0.0,0.0,0.0,0.0,0.0,0.0,0.0,0.0,0.0,0.0,0.0,0.0,17,0,19,1,18,0,23,1
1.92086E14,1.92292E14,0.0,0.0,0.0,0.0,0.0,0.0,0.0,0.0,0.0,0.0,0.0,0.0,0.0,0.0,0.0,0.0,0.0,0.0,0.0,0.0,0.0,0.0,0.0,0.0,0.0,0.0,0.0,0.0,0.0,0.0,0.0,0.0,0.0,0.0,0.0,0.0,0.0,0.0,17,0,19,1,18,0,22,1
1.92086E14,1.92292E14,0.0,0.0,0.0,0.0,0.0,0.0,0.0,0.0,0.0,0.0,0.0,0.0,0.0,0.0,0.0,0.0,0.0,0.0,0.0,0.0,0.0,0.0,0.0,0.0,0.0,0.0,0.0,0.0,0.0,0.0,0.0,0.0,0.0,0.0,0.0,0.0,0.0,0.0,17,0,19,1,18,0,21,1
1.92086E14,1.92292E14,0.0,0.0,0.0,0.0,0.0,0.0,0.0,0.0,0.0,0.0,0.0,0.0,0.0,0.0,0.0,0.0,0.0,0.0,0.0,0.0,0.0,0.0,0.0,0.0,0.0,0.0,0.0,0.0,0.0,0.0,0.0,0.0,0.0,0.0,0.0,0.0,0.0,0.0,17,0,19,1,18,0,20,1
1.92086E14,1.92292E14,0.0,0.0,0.0,0.0,0.0,0.0,0.0,0.0,0.0,0.0,0.0,0.0,0.0,0.0,0.0,0.0,0.0,0.0,0.0,0.0,0.0,0.0,0.0,0.0,0.0,0.0,0.0,0.0,0.0,0.0,0.0,0.0,0.0,0.0,0.0,0.0,0.0,0.0,17,0,19,1,18,0,19,0
1.92086E14,1.92292E14,0.0,0.0,0.0,0.0,0.0,0.0,0.0,0.0,0.0,0.0,0.0,0.0,0.0,0.0,0.0,0.0,0.0,0.0,0.0,0.0,0.0,0.0,0.0,0.0,0.0,0.0,0.0,0.0,0.0,0.0,0.0,0.0,0.0,0.0,0.0,0.0,0.0,0.0,17,0,18,0,19,1,24,1
1.92086E14,1.92292E14,0.0,0.0,0.0,0.0,0.0,0.0,0.0,0.0,0.0,0.0,0.0,0.0,0.0,0.0,0.0,0.0,0.0,0.0,0.0,0.0,0.0,0.0,0.0,0.0,0.0,0.0,0.0,0.0,0.0,0.0,0.0,0.0,0.0,0.0,0.0,0.0,0.0,0.0,17,0,18,0,19,1,23,1
1.92086E14,1.92292E14,0.0,0.0,0.0,0.0,0.0,0.0,0.0,0.0,0.0,0.0,0.0,0.0,0.0,0.0,0.0,0.0,0.0,0.0,0.0,0.0,0.0,0.0,0.0,0.0,0.0,0.0,0.0,0.0,0.0,0.0,0.0,0.0,0.0,0.0,0.0,0.0,0.0,0.0,17,0,18,0,19,1,22,1
1.92086E14,1.92292E14,0.0,0.0,0.0,0.0,0.0,0.0,0.0,0.0,0.0,0.0,0.0,0.0,0.0,0.0,0.0,0.0,0.0,0.0,0.0,0.0,0.0,0.0,0.0,0.0,0.0,0.0,0.0,0.0,0.0,0.0,0.0,0.0,0.0,0.0,0.0,0.0,0.0,0.0,17,0,18,0,19,1,21,1
1.92086E14,1.92292E14,0.0,0.0,0.0,0.0,0.0,0.0,0.0,0.0,0.0,0.0,0.0,0.0,0.0,0.0,0.0,0.0,0.0,0.0,0.0,0.0,0.0,0.0,0.0,0.0,0.0,0.0,0.0,0.0,0.0,0.0,0.0,0.0,0.0,0.0,0.0,0.0,0.0,0.0,17,0,18,0,19,1,20,1
1.92086E14,1.92292E14,0.0,0.0,0.0,0.0,0.0,0.0,0.0,0.0,0.0,0.0,0.0,0.0,0.0,0.0,0.0,0.0,0.0,0.0,0.0,0.0,0.0,0.0,0.0,0.0,0.0,0.0,0.0,0.0,0.0,0.0,0.0,0.0,0.0,0.0,0.0,0.0,0.0,0.0,17,0,18,0,19,1,19,0
1.92086E14,1.92292E14,0.0,0.0,0.0,0.0,0.0,0.0,0.0,0.0,0.0,0.0,0.0,0.0,0.0,0.0,0.0,0.0,0.0,0.0,0.0,0.0,0.0,0.0,0.0,0.0,0.0,0.0,0.0,0.0,0.0,0.0,0.0,0.0,0.0,0.0,0.0,0.0,0.0,0.0,17,0,18,0,18,0,24,1
1.92086E14,1.92292E14,0.0,0.0,0.0,0.0,0.0,0.0,0.0,0.0,0.0,0.0,0.0,0.0,0.0,0.0,0.0,0.0,0.0,0.0,0.0,0.0,0.0,0.0,0.0,0.0,0.0,0.0,0.0,0.0,0.0,0.0,0.0,0.0,0.0,0.0,0.0,0.0,0.0,0.0,17,0,18,0,18,0,23,1
1.92086E14,1.92292E14,0.0,0.0,0.0,0.0,0.0,0.0,0.0,0.0,0.0,0.0,0.0,0.0,0.0,0.0,0.0,0.0,0.0,0.0,0.0,0.0,0.0,0.0,0.0,0.0,0.0,0.0,0.0,0.0,0.0,0.0,0.0,0.0,0.0,0.0,0.0,0.0,0.0,0.0,17,0,18,0,18,0,22,1
1.92086E14,1.92292E14,0.0,0.0,0.0,0.0,0.0,0.0,0.0,0.0,0.0,0.0,0.0,0.0,0.0,0.0,0.0,0.0,0.0,0.0,0.0,0.0,0.0,0.0,0.0,0.0,0.0,0.0,0.0,0.0,0.0,0.0,0.0,0.0,0.0,0.0,0.0,0.0,0.0,0.0,17,0,18,0,18,0,21,1
1.92086E14,1.92292E14,0.0,0.0,0.0,0.0,0.0,0.0,0.0,0.0,0.0,0.0,0.0,0.0,0.0,0.0,0.0,0.0,0.0,0.0,0.0,0.0,0.0,0.0,0.0,0.0,0.0,0.0,0.0,0.0,0.0,0.0,0.0,0.0,0.0,0.0,0.0,0.0,0.0,0.0,17,0,18,0,18,0,20,1
1.92086E14,1.92292E14,0.0,0.0,0.0,0.0,0.0,0.0,0.0,0.0,0.0,0.0,0.0,0.0,0.0,0.0,0.0,0.0,0.0,0.0,0.0,0.0,0.0,0.0,0.0,0.0,0.0,0.0,0.0,0.0,0.0,0.0,0.0,0.0,0.0,0.0,0.0,0.0,0.0,0.0,17,0,18,0,18,0,19,0
1.92086E14,1.92292E14,0.0,0.0,0.0,0.0,0.0,0.0,0.0,0.0,0.0,0.0,0.0,0.0,0.0,0.0,0.0,0.0,0.0,0.0,0.0,0.0,0.0,0.0,0.0,0.0,0.0,0.0,0.0,0.0,0.0,0.0,0.0,0.0,0.0,0.0,0.0,0.0,0.0,0.0,17,0,18,1,19,0,21,1
1.92086E14,1.92292E14,0.0,0.0,0.0,0.0,0.0,0.0,0.0,0.0,0.0,0.0,0.0,0.0,0.0,0.0,0.0,0.0,0.0,0.0,0.0,0.0,0.0,0.0,0.0,0.0,0.0,0.0,0.0,0.0,0.0,0.0,0.0,0.0,0.0,0.0,0.0,0.0,0.0,0.0,17,0,18,1,19,0,20,1
1.92086E14,1.92292E14,0.0,0.0,0.0,0.0,0.0,0.0,0.0,0.0,0.0,0.0,0.0,0.0,0.0,0.0,0.0,0.0,0.0,0.0,0.0,0.0,0.0,0.0,0.0,0.0,0.0,0.0,0.0,0.0,0.0,0.0,0.0,0.0,0.0,0.0,0.0,0.0,0.0,0.0,17,0,18,1,19,0,19,0
1.92086E14,1.92292E14,0.0,0.0,0.0,0.0,0.0,0.0,0.0,0.0,0.0,0.0,0.0,0.0,0.0,0.0,0.0,0.0,0.0,0.0,0.0,0.0,0.0,0.0,0.0,0.0,0.0,0.0,0.0,0.0,0.0,0.0,0.0,0.0,0.0,0.0,0.0,0.0,0.0,0.0,16,0,20,1,18,0,22,1
1.92086E14,1.92292E14,0.0,0.0,0.0,0.0,0.0,0.0,0.0,0.0,0.0,0.0,0.0,0.0,0.0,0.0,0.0,0.0,0.0,0.0,0.0,0.0,0.0,0.0,0.0,0.0,0.0,0.0,0.0,0.0,0.0,0.0,0.0,0.0,0.0,0.0,0.0,0.0,0.0,0.0,16,0,20,1,18,0,21,1
1.92086E14,1.92292E14,0.0,0.0,0.0,0.0,0.0,0.0,0.0,0.0,0.0,0.0,0.0,0.0,0.0,0.0,0.0,0.0,0.0,0.0,0.0,0.0,0.0,0.0,0.0,0.0,0.0,0.0,0.0,0.0,0.0,0.0,0.0,0.0,0.0,0.0,0.0,0.0,0.0,0.0,16,0,20,1,18,0,20,1
1.92086E14,1.92292E14,1.92398E14,0.0,0.0,0.0,0.0,0.0,0.0,0.0,0.0,0.0,0.0,0.0,0.0,0.0,0.0,0.0,0.0,0.0,0.0,0.0,0.0,0.0,0.0,0.0,0.0,0.0,0.0,0.0,0.0,0.0,0.0,0.0,0.0,0.0,0.0,0.0,0.0,0.0,17,0,19,1,21,3,24,0
1.92086E14,1.92292E14,1.92398E14,0.0,0.0,0.0,0.0,0.0,0.0,0.0,0.0,0.0,0.0,0.0,0.0,0.0,0.0,0.0,0.0,0.0,0.0,0.0,0.0,0.0,0.0,0.0,0.0,0.0,0.0,0.0,0.0,0.0,0.0,0.0,0.0,0.0,0.0,0.0,0.0,0.0,17,0,19,1,20,2,24,0
1.92086E14,1.92292E14,1.92398E14,0.0,0.0,0.0,0.0,0.0,0.0,0.0,0.0,0.0,0.0,0.0,0.0,0.0,0.0,0.0,0.0,0.0,0.0,0.0,0.0,0.0,0.0,0.0,0.0,0.0,0.0,0.0,0.0,0.0,0.0,0.0,0.0,0.0,0.0,0.0,0.0,0.0,17,0,19,1,20,2,22,0
1.92086E14,1.92292E14,1.92398E14,0.0,0.0,0.0,0.0,0.0,0.0,0.0,0.0,0.0,0.0,0.0,0.0,0.0,0.0,0.0,0.0,0.0,0.0,0.0,0.0,0.0,0.0,0.0,0.0,0.0,0.0,0.0,0.0,0.0,0.0,0.0,0.0,0.0,0.0,0.0,0.0,0.0,17,0,19,1,19,1,24,0
1.92086E14,1.92292E14,1.92398E14,0.0,0.0,0.0,0.0,0.0,0.0,0.0,0.0,0.0,0.0,0.0,0.0,0.0,0.0,0.0,0.0,0.0,0.0,0.0,0.0,0.0,0.0,0.0,0.0,0.0,0.0,0.0,0.0,0.0,0.0,0.0,0.0,0.0,0.0,0.0,0.0,0.0,17,0,19,1,19,1,21,0
1.92086E14,1.92292E14,1.92398E14,0.0,0.0,0.0,0.0,0.0,0.0,0.0,0.0,0.0,0.0,0.0,0.0,0.0,0.0,0.0,0.0,0.0,0.0,0.0,0.0,0.0,0.0,0.0,0.0,0.0,0.0,0.0,0.0,0.0,0.0,0.0,0.0,0.0,0.0,0.0,0.0,0.0,17,0,19,1,19,1,20,0
1.92086E14,1.92292E14,1.92398E14,0.0,0.0,0.0,0.0,0.0,0.0,0.0,0.0,0.0,0.0,0.0,0.0,0.0,0.0,0.0,0.0,0.0,0.0,0.0,0.0,0.0,0.0,0.0,0.0,0.0,0.0,0.0,0.0,0.0,0.0,0.0,0.0,0.0,0.0,0.0,0.0,0.0,17,0,18,0,21,3,24,0
1.92086E14,1.92292E14,1.92398E14,0.0,0.0,0.0,0.0,0.0,0.0,0.0,0.0,0.0,0.0,0.0,0.0,0.0,0.0,0.0,0.0,0.0,0.0,0.0,0.0,0.0,0.0,0.0,0.0,0.0,0.0,0.0,0.0,0.0,0.0,0.0,0.0,0.0,0.0,0.0,0.0,0.0,17,0,18,0,21,3,20,0
1.92086E14,1.92292E14,1.92398E14,0.0,0.0,0.0,0.0,0.0,0.0,0.0,0.0,0.0,0.0,0.0,0.0,0.0,0.0,0.0,0.0,0.0,0.0,0.0,0.0,0.0,0.0,0.0,0.0,0.0,0.0,0.0,0.0,0.0,0.0,0.0,0.0,0.0,0.0,0.0,0.0,0.0,17,0,19,1,18,0,24,0
1.92086E14,1.92292E14,1.92398E14,0.0,0.0,0.0,0.0,0.0,0.0,0.0,0.0,0.0,0.0,0.0,0.0,0.0,0.0,0.0,0.0,0.0,0.0,0.0,0.0,0.0,0.0,0.0,0.0,0.0,0.0,0.0,0.0,0.0,0.0,0.0,0.0,0.0,0.0,0.0,0.0,0.0,17,0,19,1,18,0,23,0
1.92086E14,1.92292E14,1.92398E14,0.0,0.0,0.0,0.0,0.0,0.0,0.0,0.0,0.0,0.0,0.0,0.0,0.0,0.0,0.0,0.0,0.0,0.0,0.0,0.0,0.0,0.0,0.0,0.0,0.0,0.0,0.0,0.0,0.0,0.0,0.0,0.0,0.0,0.0,0.0,0.0,0.0,17,0,19,1,18,0,22,0
1.92086E14,1.92292E14,1.92398E14,0.0,0.0,0.0,0.0,0.0,0.0,0.0,0.0,0.0,0.0,0.0,0.0,0.0,0.0,0.0,0.0,0.0,0.0,0.0,0.0,0.0,0.0,0.0,0.0,0.0,0.0,0.0,0.0,0.0,0.0,0.0,0.0,0.0,0.0,0.0,0.0,0.0,17,0,18,0,20,2,24,0
1.92086E14,1.92292E14,1.92398E14,0.0,0.0,0.0,0.0,0.0,0.0,0.0,0.0,0.0,0.0,0.0,0.0,0.0,0.0,0.0,0.0,0.0,0.0,0.0,0.0,0.0,0.0,0.0,0.0,0.0,0.0,0.0,0.0,0.0,0.0,0.0,0.0,0.0,0.0,0.0,0.0,0.0,17,0,18,0,20,2,23,0
1.92086E14,1.92292E14,1.92398E14,0.0,0.0,0.0,0.0,0.0,0.0,0.0,0.0,0.0,0.0,0.0,0.0,0.0,0.0,0.0,0.0,0.0,0.0,0.0,0.0,0.0,0.0,0.0,0.0,0.0,0.0,0.0,0.0,0.0,0.0,0.0,0.0,0.0,0.0,0.0,0.0,0.0,17,0,18,0,20,2,21,0
1.92086E14,1.92292E14,1.92398E14,0.0,0.0,0.0,0.0,0.0,0.0,0.0,0.0,0.0,0.0,0.0,0.0,0.0,0.0,0.0,0.0,0.0,0.0,0.0,0.0,0.0,0.0,0.0,0.0,0.0,0.0,0.0,0.0,0.0,0.0,0.0,0.0,0.0,0.0,0.0,0.0,0.0,17,0,18,0,20,2,20,0
1.92086E14,1.92292E14,1.92398E14,0.0,0.0,0.0,0.0,0.0,0.0,0.0,0.0,0.0,0.0,0.0,0.0,0.0,0.0,0.0,0.0,0.0,0.0,0.0,0.0,0.0,0.0,0.0,0.0,0.0,0.0,0.0,0.0,0.0,0.0,0.0,0.0,0.0,0.0,0.0,0.0,0.0,17,0,18,0,20,2,19,0
1.92086E14,1.92292E14,1.92398E14,0.0,0.0,0.0,0.0,0.0,0.0,0.0,0.0,0.0,0.0,0.0,0.0,0.0,0.0,0.0,0.0,0.0,0.0,0.0,0.0,0.0,0.0,0.0,0.0,0.0,0.0,0.0,0.0,0.0,0.0,0.0,0.0,0.0,0.0,0.0,0.0,0.0,17,0,18,0,19,1,24,0
1.92086E14,1.92292E14,1.92398E14,0.0,0.0,0.0,0.0,0.0,0.0,0.0,0.0,0.0,0.0,0.0,0.0,0.0,0.0,0.0,0.0,0.0,0.0,0.0,0.0,0.0,0.0,0.0,0.0,0.0,0.0,0.0,0.0,0.0,0.0,0.0,0.0,0.0,0.0,0.0,0.0,0.0,17,0,18,0,19,1,22,1
1.92086E14,1.92292E14,1.92398E14,0.0,0.0,0.0,0.0,0.0,0.0,0.0,0.0,0.0,0.0,0.0,0.0,0.0,0.0,0.0,0.0,0.0,0.0,0.0,0.0,0.0,0.0,0.0,0.0,0.0,0.0,0.0,0.0,0.0,0.0,0.0,0.0,0.0,0.0,0.0,0.0,0.0,17,0,18,0,19,1,21,0
1.92086E14,1.92292E14,1.92398E14,0.0,0.0,0.0,0.0,0.0,0.0,0.0,0.0,0.0,0.0,0.0,0.0,0.0,0.0,0.0,0.0,0.0,0.0,0.0,0.0,0.0,0.0,0.0,0.0,0.0,0.0,0.0,0.0,0.0,0.0,0.0,0.0,0.0,0.0,0.0,0.0,0.0,17,0,18,0,19,1,20,0
1.92086E14,1.92292E14,1.92398E14,0.0,0.0,0.0,0.0,0.0,0.0,0.0,0.0,0.0,0.0,0.0,0.0,0.0,0.0,0.0,0.0,0.0,0.0,0.0,0.0,0.0,0.0,0.0,0.0,0.0,0.0,0.0,0.0,0.0,0.0,0.0,0.0,0.0,0.0,0.0,0.0,0.0,17,0,18,0,19,1,19,0
1.92086E14,1.92292E14,1.92398E14,0.0,0.0,0.0,0.0,0.0,0.0,0.0,0.0,0.0,0.0,0.0,0.0,0.0,0.0,0.0,0.0,0.0,0.0,0.0,0.0,0.0,0.0,0.0,0.0,0.0,0.0,0.0,0.0,0.0,0.0,0.0,0.0,0.0,0.0,0.0,0.0,0.0,17,0,18,0,20,3,20,0
1.92086E14,1.92292E14,1.92398E14,0.0,0.0,0.0,0.0,0.0,0.0,0.0,0.0,0.0,0.0,0.0,0.0,0.0,0.0,0.0,0.0,0.0,0.0,0.0,0.0,0.0,0.0,0.0,0.0,0.0,0.0,0.0,0.0,0.0,0.0,0.0,0.0,0.0,0.0,0.0,0.0,0.0,17,0,18,0,18,0,24,0
1.92086E14,1.92292E14,1.92398E14,0.0,0.0,0.0,0.0,0.0,0.0,0.0,0.0,0.0,0.0,0.0,0.0,0.0,0.0,0.0,0.0,0.0,0.0,0.0,0.0,0.0,0.0,0.0,0.0,0.0,0.0,0.0,0.0,0.0,0.0,0.0,0.0,0.0,0.0,0.0,0.0,0.0,17,0,18,0,18,0,23,0
1.92086E14,1.92292E14,1.92398E14,0.0,0.0,0.0,0.0,0.0,0.0,0.0,0.0,0.0,0.0,0.0,0.0,0.0,0.0,0.0,0.0,0.0,0.0,0.0,0.0,0.0,0.0,0.0,0.0,0.0,0.0,0.0,0.0,0.0,0.0,0.0,0.0,0.0,0.0,0.0,0.0,0.0,17,0,18,0,18,0,22,0
1.92086E14,1.92292E14,1.92398E14,0.0,0.0,0.0,0.0,0.0,0.0,0.0,0.0,0.0,0.0,0.0,0.0,0.0,0.0,0.0,0.0,0.0,0.0,0.0,0.0,0.0,0.0,0.0,0.0,0.0,0.0,0.0,0.0,0.0,0.0,0.0,0.0,0.0,0.0,0.0,0.0,0.0,17,0,18,0,18,0,21,0
1.92086E14,1.92292E14,1.92398E14,0.0,0.0,0.0,0.0,0.0,0.0,0.0,0.0,0.0,0.0,0.0,0.0,0.0,0.0,0.0,0.0,0.0,0.0,0.0,0.0,0.0,0.0,0.0,0.0,0.0,0.0,0.0,0.0,0.0,0.0,0.0,0.0,0.0,0.0,0.0,0.0,0.0,17,0,18,0,18,0,20,0
1.92086E14,1.92292E14,1.92398E14,0.0,0.0,0.0,0.0,0.0,0.0,0.0,0.0,0.0,0.0,0.0,0.0,0.0,0.0,0.0,0.0,0.0,0.0,0.0,0.0,0.0,0.0,0.0,0.0,0.0,0.0,0.0,0.0,0.0,0.0,0.0,0.0,0.0,0.0,0.0,0.0,0.0,17,0,18,0,18,0,19,0
1.92086E14,1.92292E14,1.92398E14,0.0,0.0,0.0,0.0,0.0,0.0,0.0,0.0,0.0,0.0,0.0,0.0,0.0,0.0,0.0,0.0,0.0,0.0,0.0,0.0,0.0,0.0,0.0,0.0,0.0,0.0,0.0,0.0,0.0,0.0,0.0,0.0,0.0,0.0,0.0,0.0,0.0,17,0,18,1,19,0,21,0
1.92086E14,1.92292E14,1.92398E14,0.0,0.0,0.0,0.0,0.0,0.0,0.0,0.0,0.0,0.0,0.0,0.0,0.0,0.0,0.0,0.0,0.0,0.0,0.0,0.0,0.0,0.0,0.0,0.0,0.0,0.0,0.0,0.0,0.0,0.0,0.0,0.0,0.0,0.0,0.0,0.0,0.0,17,0,18,1,19,0,20,0
1.92086E14,1.92292E14,1.92398E14,1.92491E14,0.0,0.0,0.0,0.0,0.0,0.0,0.0,0.0,0.0,0.0,0.0,0.0,0.0,0.0,0.0,0.0,0.0,0.0,0.0,0.0,0.0,0.0,0.0,0.0,0.0,0.0,0.0,0.0,0.0,0.0,0.0,0.0,0.0,0.0,0.0,0.0,17,0,19,1,21,3,24,0
1.92086E14,1.92292E14,1.92398E14,1.92491E14,0.0,0.0,0.0,0.0,0.0,0.0,0.0,0.0,0.0,0.0,0.0,0.0,0.0,0.0,0.0,0.0,0.0,0.0,0.0,0.0,0.0,0.0,0.0,0.0,0.0,0.0,0.0,0.0,0.0,0.0,0.0,0.0,0.0,0.0,0.0,0.0,17,0,19,1,20,2,24,0
1.92086E14,1.92292E14,1.92398E14,1.92491E14,0.0,0.0,0.0,0.0,0.0,0.0,0.0,0.0,0.0,0.0,0.0,0.0,0.0,0.0,0.0,0.0,0.0,0.0,0.0,0.0,0.0,0.0,0.0,0.0,0.0,0.0,0.0,0.0,0.0,0.0,0.0,0.0,0.0,0.0,0.0,0.0,17,0,19,1,20,2,22,0
1.92086E14,1.92292E14,1.92398E14,1.92491E14,0.0,0.0,0.0,0.0,0.0,0.0,0.0,0.0,0.0,0.0,0.0,0.0,0.0,0.0,0.0,0.0,0.0,0.0,0.0,0.0,0.0,0.0,0.0,0.0,0.0,0.0,0.0,0.0,0.0,0.0,0.0,0.0,0.0,0.0,0.0,0.0,17,0,19,1,19,1,24,0
1.92086E14,1.92292E14,1.92398E14,1.92491E14,0.0,0.0,0.0,0.0,0.0,0.0,0.0,0.0,0.0,0.0,0.0,0.0,0.0,0.0,0.0,0.0,0.0,0.0,0.0,0.0,0.0,0.0,0.0,0.0,0.0,0.0,0.0,0.0,0.0,0.0,0.0,0.0,0.0,0.0,0.0,0.0,17,0,19,1,19,1,23,3
1.92086E14,1.92292E14,1.92398E14,1.92491E14,0.0,0.0,0.0,0.0,0.0,0.0,0.0,0.0,0.0,0.0,0.0,0.0,0.0,0.0,0.0,0.0,0.0,0.0,0.0,0.0,0.0,0.0,0.0,0.0,0.0,0.0,0.0,0.0,0.0,0.0,0.0,0.0,0.0,0.0,0.0,0.0,17,0,19,1,19,1,20,0
1.92086E14,1.92292E14,1.92398E14,1.92491E14,0.0,0.0,0.0,0.0,0.0,0.0,0.0,0.0,0.0,0.0,0.0,0.0,0.0,0.0,0.0,0.0,0.0,0.0,0.0,0.0,0.0,0.0,0.0,0.0,0.0,0.0,0.0,0.0,0.0,0.0,0.0,0.0,0.0,0.0,0.0,0.0,17,0,18,0,21,3,24,0
1.92086E14,1.92292E14,1.92398E14,1.92491E14,0.0,0.0,0.0,0.0,0.0,0.0,0.0,0.0,0.0,0.0,0.0,0.0,0.0,0.0,0.0,0.0,0.0,0.0,0.0,0.0,0.0,0.0,0.0,0.0,0.0,0.0,0.0,0.0,0.0,0.0,0.0,0.0,0.0,0.0,0.0,0.0,17,0,18,0,21,3,20,0
1.92086E14,1.92292E14,1.92398E14,1.92491E14,0.0,0.0,0.0,0.0,0.0,0.0,0.0,0.0,0.0,0.0,0.0,0.0,0.0,0.0,0.0,0.0,0.0,0.0,0.0,0.0,0.0,0.0,0.0,0.0,0.0,0.0,0.0,0.0,0.0,0.0,0.0,0.0,0.0,0.0,0.0,0.0,17,0,19,1,18,0,24,0
1.92086E14,1.92292E14,1.92398E14,1.92491E14,0.0,0.0,0.0,0.0,0.0,0.0,0.0,0.0,0.0,0.0,0.0,0.0,0.0,0.0,0.0,0.0,0.0,0.0,0.0,0.0,0.0,0.0,0.0,0.0,0.0,0.0,0.0,0.0,0.0,0.0,0.0,0.0,0.0,0.0,0.0,0.0,17,0,19,1,18,0,23,0
1.92086E14,1.92292E14,1.92398E14,1.92491E14,0.0,0.0,0.0,0.0,0.0,0.0,0.0,0.0,0.0,0.0,0.0,0.0,0.0,0.0,0.0,0.0,0.0,0.0,0.0,0.0,0.0,0.0,0.0,0.0,0.0,0.0,0.0,0.0,0.0,0.0,0.0,0.0,0.0,0.0,0.0,0.0,17,0,18,0,20,2,24,0
1.92086E14,1.92292E14,1.92398E14,1.92491E14,0.0,0.0,0.0,0.0,0.0,0.0,0.0,0.0,0.0,0.0,0.0,0.0,0.0,0.0,0.0,0.0,0.0,0.0,0.0,0.0,0.0,0.0,0.0,0.0,0.0,0.0,0.0,0.0,0.0,0.0,0.0,0.0,0.0,0.0,0.0,0.0,17,0,18,0,20,2,22,0
1.92086E14,1.92292E14,1.92398E14,1.92491E14,0.0,0.0,0.0,0.0,0.0,0.0,0.0,0.0,0.0,0.0,0.0,0.0,0.0,0.0,0.0,0.0,0.0,0.0,0.0,0.0,0.0,0.0,0.0,0.0,0.0,0.0,0.0,0.0,0.0,0.0,0.0,0.0,0.0,0.0,0.0,0.0,17,0,18,0,20,2,20,0
1.92086E14,1.92292E14,1.92398E14,1.92491E14,0.0,0.0,0.0,0.0,0.0,0.0,0.0,0.0,0.0,0.0,0.0,0.0,0.0,0.0,0.0,0.0,0.0,0.0,0.0,0.0,0.0,0.0,0.0,0.0,0.0,0.0,0.0,0.0,0.0,0.0,0.0,0.0,0.0,0.0,0.0,0.0,17,0,18,0,20,2,19,0
1.92086E14,1.92292E14,1.92398E14,1.92491E14,0.0,0.0,0.0,0.0,0.0,0.0,0.0,0.0,0.0,0.0,0.0,0.0,0.0,0.0,0.0,0.0,0.0,0.0,0.0,0.0,0.0,0.0,0.0,0.0,0.0,0.0,0.0,0.0,0.0,0.0,0.0,0.0,0.0,0.0,0.0,0.0,17,0,18,0,19,1,24,0
1.92086E14,1.92292E14,1.92398E14,1.92491E14,0.0,0.0,0.0,0.0,0.0,0.0,0.0,0.0,0.0,0.0,0.0,0.0,0.0,0.0,0.0,0.0,0.0,0.0,0.0,0.0,0.0,0.0,0.0,0.0,0.0,0.0,0.0,0.0,0.0,0.0,0.0,0.0,0.0,0.0,0.0,0.0,17,0,18,0,19,1,22,0
1.92086E14,1.92292E14,1.92398E14,1.92491E14,0.0,0.0,0.0,0.0,0.0,0.0,0.0,0.0,0.0,0.0,0.0,0.0,0.0,0.0,0.0,0.0,0.0,0.0,0.0,0.0,0.0,0.0,0.0,0.0,0.0,0.0,0.0,0.0,0.0,0.0,0.0,0.0,0.0,0.0,0.0,0.0,17,0,18,0,19,1,21,0
1.92086E14,1.92292E14,1.92398E14,1.92491E14,0.0,0.0,0.0,0.0,0.0,0.0,0.0,0.0,0.0,0.0,0.0,0.0,0.0,0.0,0.0,0.0,0.0,0.0,0.0,0.0,0.0,0.0,0.0,0.0,0.0,0.0,0.0,0.0,0.0,0.0,0.0,0.0,0.0,0.0,0.0,0.0,17,0,18,0,19,1,20,0
1.92086E14,1.92292E14,1.92398E14,1.92491E14,0.0,0.0,0.0,0.0,0.0,0.0,0.0,0.0,0.0,0.0,0.0,0.0,0.0,0.0,0.0,0.0,0.0,0.0,0.0,0.0,0.0,0.0,0.0,0.0,0.0,0.0,0.0,0.0,0.0,0.0,0.0,0.0,0.0,0.0,0.0,0.0,17,0,18,0,19,1,19,0
1.92086E14,1.92292E14,1.92398E14,1.92491E14,0.0,0.0,0.0,0.0,0.0,0.0,0.0,0.0,0.0,0.0,0.0,0.0,0.0,0.0,0.0,0.0,0.0,0.0,0.0,0.0,0.0,0.0,0.0,0.0,0.0,0.0,0.0,0.0,0.0,0.0,0.0,0.0,0.0,0.0,0.0,0.0,17,0,18,0,20,3,20,0
1.92086E14,1.92292E14,1.92398E14,1.92491E14,0.0,0.0,0.0,0.0,0.0,0.0,0.0,0.0,0.0,0.0,0.0,0.0,0.0,0.0,0.0,0.0,0.0,0.0,0.0,0.0,0.0,0.0,0.0,0.0,0.0,0.0,0.0,0.0,0.0,0.0,0.0,0.0,0.0,0.0,0.0,0.0,17,0,18,0,18,0,24,0
1.92086E14,1.92292E14,1.92398E14,1.92491E14,0.0,0.0,0.0,0.0,0.0,0.0,0.0,0.0,0.0,0.0,0.0,0.0,0.0,0.0,0.0,0.0,0.0,0.0,0.0,0.0,0.0,0.0,0.0,0.0,0.0,0.0,0.0,0.0,0.0,0.0,0.0,0.0,0.0,0.0,0.0,0.0,17,0,18,0,18,0,22,0
1.92086E14,1.92292E14,1.92398E14,1.92491E14,0.0,0.0,0.0,0.0,0.0,0.0,0.0,0.0,0.0,0.0,0.0,0.0,0.0,0.0,0.0,0.0,0.0,0.0,0.0,0.0,0.0,0.0,0.0,0.0,0.0,0.0,0.0,0.0,0.0,0.0,0.0,0.0,0.0,0.0,0.0,0.0,17,0,18,0,18,0,21,0
1.92086E14,1.92292E14,1.92398E14,1.92491E14,0.0,0.0,0.0,0.0,0.0,0.0,0.0,0.0,0.0,0.0,0.0,0.0,0.0,0.0,0.0,0.0,0.0,0.0,0.0,0.0,0.0,0.0,0.0,0.0,0.0,0.0,0.0,0.0,0.0,0.0,0.0,0.0,0.0,0.0,0.0,0.0,17,0,18,0,18,0,20,0
1.92086E14,1.92292E14,1.92398E14,1.92491E14,0.0,0.0,0.0,0.0,0.0,0.0,0.0,0.0,0.0,0.0,0.0,0.0,0.0,0.0,0.0,0.0,0.0,0.0,0.0,0.0,0.0,0.0,0.0,0.0,0.0,0.0,0.0,0.0,0.0,0.0,0.0,0.0,0.0,0.0,0.0,0.0,17,0,18,0,18,0,19,0
1.92086E14,1.92292E14,1.92398E14,1.92491E14,0.0,0.0,0.0,0.0,0.0,0.0,0.0,0.0,0.0,0.0,0.0,0.0,0.0,0.0,0.0,0.0,0.0,0.0,0.0,0.0,0.0,0.0,0.0,0.0,0.0,0.0,0.0,0.0,0.0,0.0,0.0,0.0,0.0,0.0,0.0,0.0,17,0,18,1,19,0,21,0
1.92086E14,1.92292E14,1.92398E14,1.92491E14,0.0,0.0,0.0,0.0,0.0,0.0,0.0,0.0,0.0,0.0,0.0,0.0,0.0,0.0,0.0,0.0,0.0,0.0,0.0,0.0,0.0,0.0,0.0,0.0,0.0,0.0,0.0,0.0,0.0,0.0,0.0,0.0,0.0,0.0,0.0,0.0,17,0,18,1,19,0,20,0
1.92086E14,1.92292E14,1.92398E14,1.92491E14,0.0,0.0,0.0,0.0,0.0,0.0,0.0,0.0,0.0,0.0,0.0,0.0,0.0,0.0,0.0,0.0,0.0,0.0,0.0,0.0,0.0,0.0,0.0,0.0,0.0,0.0,0.0,0.0,0.0,0.0,0.0,0.0,0.0,0.0,0.0,0.0,17,0,18,1,19,0,19,0
1.92086E14,1.92292E14,1.92398E14,1.92491E14,0.0,0.0,0.0,0.0,0.0,0.0,0.0,0.0,0.0,0.0,0.0,0.0,0.0,0.0,0.0,0.0,0.0,0.0,0.0,0.0,0.0,0.0,0.0,0.0,0.0,0.0,0.0,0.0,0.0,0.0,0.0,0.0,0.0,0.0,0.0,0.0,16,0,19,0,20,2,23,0
1.92086E14,1.92292E14,1.92398E14,1.92491E14,0.0,0.0,0.0,0.0,0.0,0.0,0.0,0.0,0.0,0.0,0.0,0.0,0.0,0.0,0.0,0.0,0.0,0.0,0.0,0.0,0.0,0.0,0.0,0.0,0.0,0.0,0.0,0.0,0.0,0.0,0.0,0.0,0.0,0.0,0.0,0.0,17,0,19,1,17,0,21,0
1.92086E14,1.92292E14,1.92398E14,1.92491E14,1.92592E14,0.0,0.0,0.0,0.0,0.0,0.0,0.0,0.0,0.0,0.0,0.0,0.0,0.0,0.0,0.0,0.0,0.0,0.0,0.0,0.0,0.0,0.0,0.0,0.0,0.0,0.0,0.0,0.0,0.0,0.0,0.0,0.0,0.0,0.0,0.0,17,0,19,1,21,3,24,0
1.92086E14,1.92292E14,1.92398E14,1.92491E14,1.92592E14,0.0,0.0,0.0,0.0,0.0,0.0,0.0,0.0,0.0,0.0,0.0,0.0,0.0,0.0,0.0,0.0,0.0,0.0,0.0,0.0,0.0,0.0,0.0,0.0,0.0,0.0,0.0,0.0,0.0,0.0,0.0,0.0,0.0,0.0,0.0,17,0,19,1,20,2,24,0
1.92086E14,1.92292E14,1.92398E14,1.92491E14,1.92592E14,0.0,0.0,0.0,0.0,0.0,0.0,0.0,0.0,0.0,0.0,0.0,0.0,0.0,0.0,0.0,0.0,0.0,0.0,0.0,0.0,0.0,0.0,0.0,0.0,0.0,0.0,0.0,0.0,0.0,0.0,0.0,0.0,0.0,0.0,0.0,17,0,19,1,20,2,22,1
1.92086E14,1.92292E14,1.92398E14,1.92491E14,1.92592E14,0.0,0.0,0.0,0.0,0.0,0.0,0.0,0.0,0.0,0.0,0.0,0.0,0.0,0.0,0.0,0.0,0.0,0.0,0.0,0.0,0.0,0.0,0.0,0.0,0.0,0.0,0.0,0.0,0.0,0.0,0.0,0.0,0.0,0.0,0.0,17,0,19,1,19,1,24,0
1.92086E14,1.92292E14,1.92398E14,1.92491E14,1.92592E14,0.0,0.0,0.0,0.0,0.0,0.0,0.0,0.0,0.0,0.0,0.0,0.0,0.0,0.0,0.0,0.0,0.0,0.0,0.0,0.0,0.0,0.0,0.0,0.0,0.0,0.0,0.0,0.0,0.0,0.0,0.0,0.0,0.0,0.0,0.0,17,0,19,1,19,1,20,0
1.92086E14,1.92292E14,1.92398E14,1.92491E14,1.92592E14,0.0,0.0,0.0,0.0,0.0,0.0,0.0,0.0,0.0,0.0,0.0,0.0,0.0,0.0,0.0,0.0,0.0,0.0,0.0,0.0,0.0,0.0,0.0,0.0,0.0,0.0,0.0,0.0,0.0,0.0,0.0,0.0,0.0,0.0,0.0,17,0,18,0,21,3,24,0
1.92086E14,1.92292E14,1.92398E14,1.92491E14,1.92592E14,0.0,0.0,0.0,0.0,0.0,0.0,0.0,0.0,0.0,0.0,0.0,0.0,0.0,0.0,0.0,0.0,0.0,0.0,0.0,0.0,0.0,0.0,0.0,0.0,0.0,0.0,0.0,0.0,0.0,0.0,0.0,0.0,0.0,0.0,0.0,17,0,18,0,21,3,20,0
1.92086E14,1.92292E14,1.92398E14,1.92491E14,1.92592E14,0.0,0.0,0.0,0.0,0.0,0.0,0.0,0.0,0.0,0.0,0.0,0.0,0.0,0.0,0.0,0.0,0.0,0.0,0.0,0.0,0.0,0.0,0.0,0.0,0.0,0.0,0.0,0.0,0.0,0.0,0.0,0.0,0.0,0.0,0.0,17,0,19,1,18,0,24,0
1.92086E14,1.92292E14,1.92398E14,1.92491E14,1.92592E14,0.0,0.0,0.0,0.0,0.0,0.0,0.0,0.0,0.0,0.0,0.0,0.0,0.0,0.0,0.0,0.0,0.0,0.0,0.0,0.0,0.0,0.0,0.0,0.0,0.0,0.0,0.0,0.0,0.0,0.0,0.0,0.0,0.0,0.0,0.0,17,0,19,1,18,0,22,0
1.92086E14,1.92292E14,1.92398E14,1.92491E14,1.92592E14,0.0,0.0,0.0,0.0,0.0,0.0,0.0,0.0,0.0,0.0,0.0,0.0,0.0,0.0,0.0,0.0,0.0,0.0,0.0,0.0,0.0,0.0,0.0,0.0,0.0,0.0,0.0,0.0,0.0,0.0,0.0,0.0,0.0,0.0,0.0,17,0,18,0,20,2,23,1
1.92086E14,1.92292E14,1.92398E14,1.92491E14,1.92592E14,0.0,0.0,0.0,0.0,0.0,0.0,0.0,0.0,0.0,0.0,0.0,0.0,0.0,0.0,0.0,0.0,0.0,0.0,0.0,0.0,0.0,0.0,0.0,0.0,0.0,0.0,0.0,0.0,0.0,0.0,0.0,0.0,0.0,0.0,0.0,17,0,18,0,20,2,20,0
1.92086E14,1.92292E14,1.92398E14,1.92491E14,1.92592E14,0.0,0.0,0.0,0.0,0.0,0.0,0.0,0.0,0.0,0.0,0.0,0.0,0.0,0.0,0.0,0.0,0.0,0.0,0.0,0.0,0.0,0.0,0.0,0.0,0.0,0.0,0.0,0.0,0.0,0.0,0.0,0.0,0.0,0.0,0.0,17,0,18,0,20,2,19,0
1.92086E14,1.92292E14,1.92398E14,1.92491E14,1.92592E14,0.0,0.0,0.0,0.0,0.0,0.0,0.0,0.0,0.0,0.0,0.0,0.0,0.0,0.0,0.0,0.0,0.0,0.0,0.0,0.0,0.0,0.0,0.0,0.0,0.0,0.0,0.0,0.0,0.0,0.0,0.0,0.0,0.0,0.0,0.0,17,0,18,0,19,1,24,0
1.92086E14,1.92292E14,1.92398E14,1.92491E14,1.92592E14,0.0,0.0,0.0,0.0,0.0,0.0,0.0,0.0,0.0,0.0,0.0,0.0,0.0,0.0,0.0,0.0,0.0,0.0,0.0,0.0,0.0,0.0,0.0,0.0,0.0,0.0,0.0,0.0,0.0,0.0,0.0,0.0,0.0,0.0,0.0,17,0,18,0,19,1,23,0
1.92086E14,1.92292E14,1.92398E14,1.92491E14,1.92592E14,0.0,0.0,0.0,0.0,0.0,0.0,0.0,0.0,0.0,0.0,0.0,0.0,0.0,0.0,0.0,0.0,0.0,0.0,0.0,0.0,0.0,0.0,0.0,0.0,0.0,0.0,0.0,0.0,0.0,0.0,0.0,0.0,0.0,0.0,0.0,17,0,18,0,19,1,21,0
1.92086E14,1.92292E14,1.92398E14,1.92491E14,1.92592E14,0.0,0.0,0.0,0.0,0.0,0.0,0.0,0.0,0.0,0.0,0.0,0.0,0.0,0.0,0.0,0.0,0.0,0.0,0.0,0.0,0.0,0.0,0.0,0.0,0.0,0.0,0.0,0.0,0.0,0.0,0.0,0.0,0.0,0.0,0.0,17,0,18,0,19,1,20,0
1.92086E14,1.92292E14,1.92398E14,1.92491E14,1.92592E14,0.0,0.0,0.0,0.0,0.0,0.0,0.0,0.0,0.0,0.0,0.0,0.0,0.0,0.0,0.0,0.0,0.0,0.0,0.0,0.0,0.0,0.0,0.0,0.0,0.0,0.0,0.0,0.0,0.0,0.0,0.0,0.0,0.0,0.0,0.0,17,0,18,0,19,1,19,0
1.92086E14,1.92292E14,1.92398E14,1.92491E14,1.92592E14,0.0,0.0,0.0,0.0,0.0,0.0,0.0,0.0,0.0,0.0,0.0,0.0,0.0,0.0,0.0,0.0,0.0,0.0,0.0,0.0,0.0,0.0,0.0,0.0,0.0,0.0,0.0,0.0,0.0,0.0,0.0,0.0,0.0,0.0,0.0,17,0,18,0,20,3,20,0
1.92086E14,1.92292E14,1.92398E14,1.92491E14,1.92592E14,0.0,0.0,0.0,0.0,0.0,0.0,0.0,0.0,0.0,0.0,0.0,0.0,0.0,0.0,0.0,0.0,0.0,0.0,0.0,0.0,0.0,0.0,0.0,0.0,0.0,0.0,0.0,0.0,0.0,0.0,0.0,0.0,0.0,0.0,0.0,17,0,18,0,18,0,24,0
1.92086E14,1.92292E14,1.92398E14,1.92491E14,1.92592E14,0.0,0.0,0.0,0.0,0.0,0.0,0.0,0.0,0.0,0.0,0.0,0.0,0.0,0.0,0.0,0.0,0.0,0.0,0.0,0.0,0.0,0.0,0.0,0.0,0.0,0.0,0.0,0.0,0.0,0.0,0.0,0.0,0.0,0.0,0.0,17,0,18,0,18,0,22,0
1.92086E14,1.92292E14,1.92398E14,1.92491E14,1.92592E14,0.0,0.0,0.0,0.0,0.0,0.0,0.0,0.0,0.0,0.0,0.0,0.0,0.0,0.0,0.0,0.0,0.0,0.0,0.0,0.0,0.0,0.0,0.0,0.0,0.0,0.0,0.0,0.0,0.0,0.0,0.0,0.0,0.0,0.0,0.0,17,0,18,0,18,0,21,0
1.92086E14,1.92292E14,1.92398E14,1.92491E14,1.92592E14,0.0,0.0,0.0,0.0,0.0,0.0,0.0,0.0,0.0,0.0,0.0,0.0,0.0,0.0,0.0,0.0,0.0,0.0,0.0,0.0,0.0,0.0,0.0,0.0,0.0,0.0,0.0,0.0,0.0,0.0,0.0,0.0,0.0,0.0,0.0,17,0,18,0,18,0,20,0
1.92086E14,1.92292E14,1.92398E14,1.92491E14,1.92592E14,0.0,0.0,0.0,0.0,0.0,0.0,0.0,0.0,0.0,0.0,0.0,0.0,0.0,0.0,0.0,0.0,0.0,0.0,0.0,0.0,0.0,0.0,0.0,0.0,0.0,0.0,0.0,0.0,0.0,0.0,0.0,0.0,0.0,0.0,0.0,17,0,18,0,18,0,19,0
1.92086E14,1.92292E14,1.92398E14,1.92491E14,1.92592E14,0.0,0.0,0.0,0.0,0.0,0.0,0.0,0.0,0.0,0.0,0.0,0.0,0.0,0.0,0.0,0.0,0.0,0.0,0.0,0.0,0.0,0.0,0.0,0.0,0.0,0.0,0.0,0.0,0.0,0.0,0.0,0.0,0.0,0.0,0.0,17,0,18,1,19,0,21,1
1.92086E14,1.92292E14,1.92398E14,1.92491E14,1.92592E14,0.0,0.0,0.0,0.0,0.0,0.0,0.0,0.0,0.0,0.0,0.0,0.0,0.0,0.0,0.0,0.0,0.0,0.0,0.0,0.0,0.0,0.0,0.0,0.0,0.0,0.0,0.0,0.0,0.0,0.0,0.0,0.0,0.0,0.0,0.0,17,0,18,1,19,0,20,0
1.92086E14,1.92292E14,1.92398E14,1.92491E14,1.92592E14,0.0,0.0,0.0,0.0,0.0,0.0,0.0,0.0,0.0,0.0,0.0,0.0,0.0,0.0,0.0,0.0,0.0,0.0,0.0,0.0,0.0,0.0,0.0,0.0,0.0,0.0,0.0,0.0,0.0,0.0,0.0,0.0,0.0,0.0,0.0,17,0,18,1,19,0,19,0
1.92086E14,1.92292E14,1.92398E14,1.92491E14,1.92592E14,0.0,0.0,0.0,0.0,0.0,0.0,0.0,0.0,0.0,0.0,0.0,0.0,0.0,0.0,0.0,0.0,0.0,0.0,0.0,0.0,0.0,0.0,0.0,0.0,0.0,0.0,0.0,0.0,0.0,0.0,0.0,0.0,0.0,0.0,0.0,16,0,19,0,20,2,23,0
1.92086E14,1.92292E14,1.92398E14,1.92491E14,1.92592E14,0.0,0.0,0.0,0.0,0.0,0.0,0.0,0.0,0.0,0.0,0.0,0.0,0.0,0.0,0.0,0.0,0.0,0.0,0.0,0.0,0.0,0.0,0.0,0.0,0.0,0.0,0.0,0.0,0.0,0.0,0.0,0.0,0.0,0.0,0.0,16,0,19,0,20,2,22,0
1.92086E14,1.92292E14,1.92398E14,1.92491E14,1.92592E14,0.0,0.0,0.0,0.0,0.0,0.0,0.0,0.0,0.0,0.0,0.0,0.0,0.0,0.0,0.0,0.0,0.0,0.0,0.0,0.0,0.0,0.0,0.0,0.0,0.0,0.0,0.0,0.0,0.0,0.0,0.0,0.0,0.0,0.0,0.0,16,0,20,1,18,0,19,0
1.92086E14,1.92292E14,1.92398E14,1.92491E14,1.92592E14,0.0,0.0,0.0,0.0,0.0,0.0,0.0,0.0,0.0,0.0,0.0,0.0,0.0,0.0,0.0,0.0,0.0,0.0,0.0,0.0,0.0,0.0,0.0,0.0,0.0,0.0,0.0,0.0,0.0,0.0,0.0,0.0,0.0,0.0,0.0,17,0,17,0,21,2,20,0
1.92086E14,1.92292E14,1.92398E14,1.92491E14,1.92592E14,1.92686E14,0.0,0.0,0.0,0.0,0.0,0.0,0.0,0.0,0.0,0.0,0.0,0.0,0.0,0.0,0.0,0.0,0.0,0.0,0.0,0.0,0.0,0.0,0.0,0.0,0.0,0.0,0.0,0.0,0.0,0.0,0.0,0.0,0.0,0.0,17,0,19,1,21,3,24,1
1.92086E14,1.92292E14,1.92398E14,1.92491E14,1.92592E14,1.92686E14,0.0,0.0,0.0,0.0,0.0,0.0,0.0,0.0,0.0,0.0,0.0,0.0,0.0,0.0,0.0,0.0,0.0,0.0,0.0,0.0,0.0,0.0,0.0,0.0,0.0,0.0,0.0,0.0,0.0,0.0,0.0,0.0,0.0,0.0,17,0,19,1,20,2,24,1
1.92086E14,1.92292E14,1.92398E14,1.92491E14,1.92592E14,1.92686E14,0.0,0.0,0.0,0.0,0.0,0.0,0.0,0.0,0.0,0.0,0.0,0.0,0.0,0.0,0.0,0.0,0.0,0.0,0.0,0.0,0.0,0.0,0.0,0.0,0.0,0.0,0.0,0.0,0.0,0.0,0.0,0.0,0.0,0.0,17,0,19,1,20,2,22,1
1.92086E14,1.92292E14,1.92398E14,1.92491E14,1.92592E14,1.92686E14,0.0,0.0,0.0,0.0,0.0,0.0,0.0,0.0,0.0,0.0,0.0,0.0,0.0,0.0,0.0,0.0,0.0,0.0,0.0,0.0,0.0,0.0,0.0,0.0,0.0,0.0,0.0,0.0,0.0,0.0,0.0,0.0,0.0,0.0,17,0,19,1,19,1,24,1
1.92086E14,1.92292E14,1.92398E14,1.92491E14,1.92592E14,1.92686E14,0.0,0.0,0.0,0.0,0.0,0.0,0.0,0.0,0.0,0.0,0.0,0.0,0.0,0.0,0.0,0.0,0.0,0.0,0.0,0.0,0.0,0.0,0.0,0.0,0.0,0.0,0.0,0.0,0.0,0.0,0.0,0.0,0.0,0.0,17,0,19,1,19,1,20,1
1.92086E14,1.92292E14,1.92398E14,1.92491E14,1.92592E14,1.92686E14,0.0,0.0,0.0,0.0,0.0,0.0,0.0,0.0,0.0,0.0,0.0,0.0,0.0,0.0,0.0,0.0,0.0,0.0,0.0,0.0,0.0,0.0,0.0,0.0,0.0,0.0,0.0,0.0,0.0,0.0,0.0,0.0,0.0,0.0,17,0,18,0,21,3,24,1
1.92086E14,1.92292E14,1.92398E14,1.92491E14,1.92592E14,1.92686E14,0.0,0.0,0.0,0.0,0.0,0.0,0.0,0.0,0.0,0.0,0.0,0.0,0.0,0.0,0.0,0.0,0.0,0.0,0.0,0.0,0.0,0.0,0.0,0.0,0.0,0.0,0.0,0.0,0.0,0.0,0.0,0.0,0.0,0.0,17,0,18,0,21,3,19,0
1.92086E14,1.92292E14,1.92398E14,1.92491E14,1.92592E14,1.92686E14,0.0,0.0,0.0,0.0,0.0,0.0,0.0,0.0,0.0,0.0,0.0,0.0,0.0,0.0,0.0,0.0,0.0,0.0,0.0,0.0,0.0,0.0,0.0,0.0,0.0,0.0,0.0,0.0,0.0,0.0,0.0,0.0,0.0,0.0,17,0,18,0,20,2,24,1
1.92086E14,1.92292E14,1.92398E14,1.92491E14,1.92592E14,1.92686E14,0.0,0.0,0.0,0.0,0.0,0.0,0.0,0.0,0.0,0.0,0.0,0.0,0.0,0.0,0.0,0.0,0.0,0.0,0.0,0.0,0.0,0.0,0.0,0.0,0.0,0.0,0.0,0.0,0.0,0.0,0.0,0.0,0.0,0.0,17,0,18,0,20,2,21,1
1.92086E14,1.92292E14,1.92398E14,1.92491E14,1.92592E14,1.92686E14,0.0,0.0,0.0,0.0,0.0,0.0,0.0,0.0,0.0,0.0,0.0,0.0,0.0,0.0,0.0,0.0,0.0,0.0,0.0,0.0,0.0,0.0,0.0,0.0,0.0,0.0,0.0,0.0,0.0,0.0,0.0,0.0,0.0,0.0,17,0,18,0,20,2,19,0
1.92086E14,1.92292E14,1.92398E14,1.92491E14,1.92592E14,1.92686E14,0.0,0.0,0.0,0.0,0.0,0.0,0.0,0.0,0.0,0.0,0.0,0.0,0.0,0.0,0.0,0.0,0.0,0.0,0.0,0.0,0.0,0.0,0.0,0.0,0.0,0.0,0.0,0.0,0.0,0.0,0.0,0.0,0.0,0.0,17,0,18,0,19,1,24,1
1.92086E14,1.92292E14,1.92398E14,1.92491E14,1.92592E14,1.92686E14,0.0,0.0,0.0,0.0,0.0,0.0,0.0,0.0,0.0,0.0,0.0,0.0,0.0,0.0,0.0,0.0,0.0,0.0,0.0,0.0,0.0,0.0,0.0,0.0,0.0,0.0,0.0,0.0,0.0,0.0,0.0,0.0,0.0,0.0,17,0,18,0,19,1,23,0
1.92086E14,1.92292E14,1.92398E14,1.92491E14,1.92592E14,1.92686E14,0.0,0.0,0.0,0.0,0.0,0.0,0.0,0.0,0.0,0.0,0.0,0.0,0.0,0.0,0.0,0.0,0.0,0.0,0.0,0.0,0.0,0.0,0.0,0.0,0.0,0.0,0.0,0.0,0.0,0.0,0.0,0.0,0.0,0.0,17,0,18,0,19,1,20,1
1.92086E14,1.92292E14,1.92398E14,1.92491E14,1.92592E14,1.92686E14,0.0,0.0,0.0,0.0,0.0,0.0,0.0,0.0,0.0,0.0,0.0,0.0,0.0,0.0,0.0,0.0,0.0,0.0,0.0,0.0,0.0,0.0,0.0,0.0,0.0,0.0,0.0,0.0,0.0,0.0,0.0,0.0,0.0,0.0,17,0,18,0,19,1,19,0
1.92086E14,1.92292E14,1.92398E14,1.92491E14,1.92592E14,1.92686E14,0.0,0.0,0.0,0.0,0.0,0.0,0.0,0.0,0.0,0.0,0.0,0.0,0.0,0.0,0.0,0.0,0.0,0.0,0.0,0.0,0.0,0.0,0.0,0.0,0.0,0.0,0.0,0.0,0.0,0.0,0.0,0.0,0.0,0.0,17,0,18,0,20,3,20,0
1.92086E14,1.92292E14,1.92398E14,1.92491E14,1.92592E14,1.92686E14,0.0,0.0,0.0,0.0,0.0,0.0,0.0,0.0,0.0,0.0,0.0,0.0,0.0,0.0,0.0,0.0,0.0,0.0,0.0,0.0,0.0,0.0,0.0,0.0,0.0,0.0,0.0,0.0,0.0,0.0,0.0,0.0,0.0,0.0,17,0,19,1,18,1,21,0
1.92086E14,1.92292E14,1.92398E14,1.92491E14,1.92592E14,1.92686E14,0.0,0.0,0.0,0.0,0.0,0.0,0.0,0.0,0.0,0.0,0.0,0.0,0.0,0.0,0.0,0.0,0.0,0.0,0.0,0.0,0.0,0.0,0.0,0.0,0.0,0.0,0.0,0.0,0.0,0.0,0.0,0.0,0.0,0.0,17,0,19,1,18,1,20,0
1.92086E14,1.92292E14,1.92398E14,1.92491E14,1.92592E14,1.92686E14,0.0,0.0,0.0,0.0,0.0,0.0,0.0,0.0,0.0,0.0,0.0,0.0,0.0,0.0,0.0,0.0,0.0,0.0,0.0,0.0,0.0,0.0,0.0,0.0,0.0,0.0,0.0,0.0,0.0,0.0,0.0,0.0,0.0,0.0,17,0,18,1,20,1,22,1
1.92086E14,1.92292E14,1.92398E14,1.92491E14,1.92592E14,1.92686E14,0.0,0.0,0.0,0.0,0.0,0.0,0.0,0.0,0.0,0.0,0.0,0.0,0.0,0.0,0.0,0.0,0.0,0.0,0.0,0.0,0.0,0.0,0.0,0.0,0.0,0.0,0.0,0.0,0.0,0.0,0.0,0.0,0.0,0.0,17,0,18,1,20,1,20,1
1.92086E14,1.92292E14,1.92398E14,1.92491E14,1.92592E14,1.92686E14,0.0,0.0,0.0,0.0,0.0,0.0,0.0,0.0,0.0,0.0,0.0,0.0,0.0,0.0,0.0,0.0,0.0,0.0,0.0,0.0,0.0,0.0,0.0,0.0,0.0,0.0,0.0,0.0,0.0,0.0,0.0,0.0,0.0,0.0,17,0,18,1,21,3,22,1
1.92086E14,1.92292E14,1.92398E14,1.92491E14,1.92592E14,1.92686E14,0.0,0.0,0.0,0.0,0.0,0.0,0.0,0.0,0.0,0.0,0.0,0.0,0.0,0.0,0.0,0.0,0.0,0.0,0.0,0.0,0.0,0.0,0.0,0.0,0.0,0.0,0.0,0.0,0.0,0.0,0.0,0.0,0.0,0.0,17,0,18,0,19,2,24,1
1.92086E14,1.92292E14,1.92398E14,1.92491E14,1.92592E14,1.92686E14,0.0,0.0,0.0,0.0,0.0,0.0,0.0,0.0,0.0,0.0,0.0,0.0,0.0,0.0,0.0,0.0,0.0,0.0,0.0,0.0,0.0,0.0,0.0,0.0,0.0,0.0,0.0,0.0,0.0,0.0,0.0,0.0,0.0,0.0,17,0,18,0,19,2,21,1
1.92086E14,1.92292E14,1.92398E14,1.92491E14,1.92592E14,1.92686E14,0.0,0.0,0.0,0.0,0.0,0.0,0.0,0.0,0.0,0.0,0.0,0.0,0.0,0.0,0.0,0.0,0.0,0.0,0.0,0.0,0.0,0.0,0.0,0.0,0.0,0.0,0.0,0.0,0.0,0.0,0.0,0.0,0.0,0.0,17,0,18,0,19,2,20,0
1.92086E14,1.92292E14,1.92398E14,1.92491E14,1.92592E14,1.92686E14,0.0,0.0,0.0,0.0,0.0,0.0,0.0,0.0,0.0,0.0,0.0,0.0,0.0,0.0,0.0,0.0,0.0,0.0,0.0,0.0,0.0,0.0,0.0,0.0,0.0,0.0,0.0,0.0,0.0,0.0,0.0,0.0,0.0,0.0,17,0,18,1,20,2,24,1
1.92086E14,1.92292E14,1.92398E14,1.92491E14,1.92592E14,1.92686E14,0.0,0.0,0.0,0.0,0.0,0.0,0.0,0.0,0.0,0.0,0.0,0.0,0.0,0.0,0.0,0.0,0.0,0.0,0.0,0.0,0.0,0.0,0.0,0.0,0.0,0.0,0.0,0.0,0.0,0.0,0.0,0.0,0.0,0.0,16,0,19,0,20,2,24,1
1.92086E14,1.92292E14,1.92398E14,1.92491E14,1.92592E14,1.92686E14,0.0,0.0,0.0,0.0,0.0,0.0,0.0,0.0,0.0,0.0,0.0,0.0,0.0,0.0,0.0,0.0,0.0,0.0,0.0,0.0,0.0,0.0,0.0,0.0,0.0,0.0,0.0,0.0,0.0,0.0,0.0,0.0,0.0,0.0,16,0,19,0,20,2,22,1
1.92086E14,1.92292E14,1.92398E14,1.92491E14,1.92592E14,1.92686E14,0.0,0.0,0.0,0.0,0.0,0.0,0.0,0.0,0.0,0.0,0.0,0.0,0.0,0.0,0.0,0.0,0.0,0.0,0.0,0.0,0.0,0.0,0.0,0.0,0.0,0.0,0.0,0.0,0.0,0.0,0.0,0.0,0.0,0.0,16,0,19,0,20,2,20,0
1.92086E14,1.92292E14,1.92398E14,1.92491E14,1.92592E14,1.92686E14,0.0,0.0,0.0,0.0,0.0,0.0,0.0,0.0,0.0,0.0,0.0,0.0,0.0,0.0,0.0,0.0,0.0,0.0,0.0,0.0,0.0,0.0,0.0,0.0,0.0,0.0,0.0,0.0,0.0,0.0,0.0,0.0,0.0,0.0,16,0,19,0,20,2,19,0
1.92086E14,1.92292E14,1.92398E14,1.92491E14,1.92592E14,1.92686E14,0.0,0.0,0.0,0.0,0.0,0.0,0.0,0.0,0.0,0.0,0.0,0.0,0.0,0.0,0.0,0.0,0.0,0.0,0.0,0.0,0.0,0.0,0.0,0.0,0.0,0.0,0.0,0.0,0.0,0.0,0.0,0.0,0.0,0.0,17,0,17,0,21,2,20,0
1.92086E14,1.92292E14,1.92398E14,1.92491E14,1.92592E14,1.92686E14,0.0,0.0,0.0,0.0,0.0,0.0,0.0,0.0,0.0,0.0,0.0,0.0,0.0,0.0,0.0,0.0,0.0,0.0,0.0,0.0,0.0,0.0,0.0,0.0,0.0,0.0,0.0,0.0,0.0,0.0,0.0,0.0,0.0,0.0,17,0,18,0,18,1,24,1
1.92086E14,1.92292E14,1.92398E14,1.92491E14,1.92592E14,1.92686E14,1.92787E14,0.0,0.0,0.0,0.0,0.0,0.0,0.0,0.0,0.0,0.0,0.0,0.0,0.0,0.0,0.0,0.0,0.0,0.0,0.0,0.0,0.0,0.0,0.0,0.0,0.0,0.0,0.0,0.0,0.0,0.0,0.0,0.0,0.0,18,1,19,1,20,2,24,0
1.92086E14,1.92292E14,1.92398E14,1.92491E14,1.92592E14,1.92686E14,1.92787E14,0.0,0.0,0.0,0.0,0.0,0.0,0.0,0.0,0.0,0.0,0.0,0.0,0.0,0.0,0.0,0.0,0.0,0.0,0.0,0.0,0.0,0.0,0.0,0.0,0.0,0.0,0.0,0.0,0.0,0.0,0.0,0.0,0.0,18,1,18,0,21,3,24,0
1.92086E14,1.92292E14,1.92398E14,1.92491E14,1.92592E14,1.92686E14,1.92787E14,0.0,0.0,0.0,0.0,0.0,0.0,0.0,0.0,0.0,0.0,0.0,0.0,0.0,0.0,0.0,0.0,0.0,0.0,0.0,0.0,0.0,0.0,0.0,0.0,0.0,0.0,0.0,0.0,0.0,0.0,0.0,0.0,0.0,18,1,18,0,20,2,24,0
1.92086E14,1.92292E14,1.92398E14,1.92491E14,1.92592E14,1.92686E14,1.92787E14,0.0,0.0,0.0,0.0,0.0,0.0,0.0,0.0,0.0,0.0,0.0,0.0,0.0,0.0,0.0,0.0,0.0,0.0,0.0,0.0,0.0,0.0,0.0,0.0,0.0,0.0,0.0,0.0,0.0,0.0,0.0,0.0,0.0,18,1,18,0,19,1,24,0
1.92086E14,1.92292E14,1.92398E14,1.92491E14,1.92592E14,1.92686E14,1.92787E14,0.0,0.0,0.0,0.0,0.0,0.0,0.0,0.0,0.0,0.0,0.0,0.0,0.0,0.0,0.0,0.0,0.0,0.0,0.0,0.0,0.0,0.0,0.0,0.0,0.0,0.0,0.0,0.0,0.0,0.0,0.0,0.0,0.0,18,1,18,0,18,0,24,0
1.92086E14,1.92292E14,1.92398E14,1.92491E14,1.92592E14,1.92686E14,1.92787E14,0.0,0.0,0.0,0.0,0.0,0.0,0.0,0.0,0.0,0.0,0.0,0.0,0.0,0.0,0.0,0.0,0.0,0.0,0.0,0.0,0.0,0.0,0.0,0.0,0.0,0.0,0.0,0.0,0.0,0.0,0.0,0.0,0.0,18,1,18,0,18,0,23,0
1.92086E14,1.92292E14,1.92398E14,1.92491E14,1.92592E14,1.92686E14,1.92787E14,0.0,0.0,0.0,0.0,0.0,0.0,0.0,0.0,0.0,0.0,0.0,0.0,0.0,0.0,0.0,0.0,0.0,0.0,0.0,0.0,0.0,0.0,0.0,0.0,0.0,0.0,0.0,0.0,0.0,0.0,0.0,0.0,0.0,18,1,18,0,18,0,20,0
1.92086E14,1.92292E14,1.92398E14,1.92491E14,1.92592E14,1.92686E14,1.92787E14,0.0,0.0,0.0,0.0,0.0,0.0,0.0,0.0,0.0,0.0,0.0,0.0,0.0,0.0,0.0,0.0,0.0,0.0,0.0,0.0,0.0,0.0,0.0,0.0,0.0,0.0,0.0,0.0,0.0,0.0,0.0,0.0,0.0,18,1,18,0,18,0,19,0
1.92086E14,1.92292E14,1.92398E14,1.92491E14,1.92592E14,1.92686E14,1.92787E14,0.0,0.0,0.0,0.0,0.0,0.0,0.0,0.0,0.0,0.0,0.0,0.0,0.0,0.0,0.0,0.0,0.0,0.0,0.0,0.0,0.0,0.0,0.0,0.0,0.0,0.0,0.0,0.0,0.0,0.0,0.0,0.0,0.0,18,1,18,1,19,0,24,0
1.92086E14,1.92292E14,1.92398E14,1.92491E14,1.92592E14,1.92686E14,1.92787E14,0.0,0.0,0.0,0.0,0.0,0.0,0.0,0.0,0.0,0.0,0.0,0.0,0.0,0.0,0.0,0.0,0.0,0.0,0.0,0.0,0.0,0.0,0.0,0.0,0.0,0.0,0.0,0.0,0.0,0.0,0.0,0.0,0.0,18,1,18,1,19,0,20,0
1.92086E14,1.92292E14,1.92398E14,1.92491E14,1.92592E14,1.92686E14,1.92787E14,0.0,0.0,0.0,0.0,0.0,0.0,0.0,0.0,0.0,0.0,0.0,0.0,0.0,0.0,0.0,0.0,0.0,0.0,0.0,0.0,0.0,0.0,0.0,0.0,0.0,0.0,0.0,0.0,0.0,0.0,0.0,0.0,0.0,17,1,19,0,21,3,24,0
1.92086E14,1.92292E14,1.92398E14,1.92491E14,1.92592E14,1.92686E14,1.92787E14,0.0,0.0,0.0,0.0,0.0,0.0,0.0,0.0,0.0,0.0,0.0,0.0,0.0,0.0,0.0,0.0,0.0,0.0,0.0,0.0,0.0,0.0,0.0,0.0,0.0,0.0,0.0,0.0,0.0,0.0,0.0,0.0,0.0,17,1,19,0,21,3,22,0
1.92086E14,1.92292E14,1.92398E14,1.92491E14,1.92592E14,1.92686E14,1.92787E14,0.0,0.0,0.0,0.0,0.0,0.0,0.0,0.0,0.0,0.0,0.0,0.0,0.0,0.0,0.0,0.0,0.0,0.0,0.0,0.0,0.0,0.0,0.0,0.0,0.0,0.0,0.0,0.0,0.0,0.0,0.0,0.0,0.0,17,1,20,1,18,0,24,0
1.92086E14,1.92292E14,1.92398E14,1.92491E14,1.92592E14,1.92686E14,1.92787E14,0.0,0.0,0.0,0.0,0.0,0.0,0.0,0.0,0.0,0.0,0.0,0.0,0.0,0.0,0.0,0.0,0.0,0.0,0.0,0.0,0.0,0.0,0.0,0.0,0.0,0.0,0.0,0.0,0.0,0.0,0.0,0.0,0.0,17,1,19,0,20,2,24,0
1.92086E14,1.92292E14,1.92398E14,1.92491E14,1.92592E14,1.92686E14,1.92787E14,0.0,0.0,0.0,0.0,0.0,0.0,0.0,0.0,0.0,0.0,0.0,0.0,0.0,0.0,0.0,0.0,0.0,0.0,0.0,0.0,0.0,0.0,0.0,0.0,0.0,0.0,0.0,0.0,0.0,0.0,0.0,0.0,0.0,17,1,19,0,20,2,19,0
1.92086E14,1.92292E14,1.92398E14,1.92491E14,1.92592E14,1.92686E14,1.92787E14,0.0,0.0,0.0,0.0,0.0,0.0,0.0,0.0,0.0,0.0,0.0,0.0,0.0,0.0,0.0,0.0,0.0,0.0,0.0,0.0,0.0,0.0,0.0,0.0,0.0,0.0,0.0,0.0,0.0,0.0,0.0,0.0,0.0,18,1,18,0,18,1,24,0
1.92086E14,1.92292E14,1.92398E14,1.92491E14,1.92592E14,1.92686E14,1.92787E14,0.0,0.0,0.0,0.0,0.0,0.0,0.0,0.0,0.0,0.0,0.0,0.0,0.0,0.0,0.0,0.0,0.0,0.0,0.0,0.0,0.0,0.0,0.0,0.0,0.0,0.0,0.0,0.0,0.0,0.0,0.0,0.0,0.0,17,1,19,0,19,1,23,0
1.92086E14,1.92292E14,1.92398E14,1.92491E14,1.92592E14,1.92686E14,1.92787E14,0.0,0.0,0.0,0.0,0.0,0.0,0.0,0.0,0.0,0.0,0.0,0.0,0.0,0.0,0.0,0.0,0.0,0.0,0.0,0.0,0.0,0.0,0.0,0.0,0.0,0.0,0.0,0.0,0.0,0.0,0.0,0.0,0.0,17,1,19,0,19,1,21,0
1.92086E14,1.92292E14,1.92398E14,1.92491E14,1.92592E14,1.92686E14,1.92787E14,0.0,0.0,0.0,0.0,0.0,0.0,0.0,0.0,0.0,0.0,0.0,0.0,0.0,0.0,0.0,0.0,0.0,0.0,0.0,0.0,0.0,0.0,0.0,0.0,0.0,0.0,0.0,0.0,0.0,0.0,0.0,0.0,0.0,17,1,19,0,19,1,20,0
1.92086E14,1.92292E14,1.92398E14,1.92491E14,1.92592E14,1.92686E14,1.92787E14,0.0,0.0,0.0,0.0,0.0,0.0,0.0,0.0,0.0,0.0,0.0,0.0,0.0,0.0,0.0,0.0,0.0,0.0,0.0,0.0,0.0,0.0,0.0,0.0,0.0,0.0,0.0,0.0,0.0,0.0,0.0,0.0,0.0,17,1,19,0,19,1,19,0
1.92086E14,1.92292E14,1.92398E14,1.92491E14,1.92592E14,1.92686E14,1.92787E14,0.0,0.0,0.0,0.0,0.0,0.0,0.0,0.0,0.0,0.0,0.0,0.0,0.0,0.0,0.0,0.0,0.0,0.0,0.0,0.0,0.0,0.0,0.0,0.0,0.0,0.0,0.0,0.0,0.0,0.0,0.0,0.0,0.0,18,1,17,0,20,1,24,0
1.92086E14,1.92292E14,1.92398E14,1.92491E14,1.92592E14,1.92686E14,1.92787E14,0.0,0.0,0.0,0.0,0.0,0.0,0.0,0.0,0.0,0.0,0.0,0.0,0.0,0.0,0.0,0.0,0.0,0.0,0.0,0.0,0.0,0.0,0.0,0.0,0.0,0.0,0.0,0.0,0.0,0.0,0.0,0.0,0.0,18,1,17,0,20,1,21,0
1.92086E14,1.92292E14,1.92398E14,1.92491E14,1.92592E14,1.92686E14,1.92787E14,0.0,0.0,0.0,0.0,0.0,0.0,0.0,0.0,0.0,0.0,0.0,0.0,0.0,0.0,0.0,0.0,0.0,0.0,0.0,0.0,0.0,0.0,0.0,0.0,0.0,0.0,0.0,0.0,0.0,0.0,0.0,0.0,0.0,18,1,17,0,20,1,20,0
1.92086E14,1.92292E14,1.92398E14,1.92491E14,1.92592E14,1.92686E14,1.92787E14,0.0,0.0,0.0,0.0,0.0,0.0,0.0,0.0,0.0,0.0,0.0,0.0,0.0,0.0,0.0,0.0,0.0,0.0,0.0,0.0,0.0,0.0,0.0,0.0,0.0,0.0,0.0,0.0,0.0,0.0,0.0,0.0,0.0,17,1,19,0,18,0,24,0
1.92086E14,1.92292E14,1.92398E14,1.92491E14,1.92592E14,1.92686E14,1.92787E14,0.0,0.0,0.0,0.0,0.0,0.0,0.0,0.0,0.0,0.0,0.0,0.0,0.0,0.0,0.0,0.0,0.0,0.0,0.0,0.0,0.0,0.0,0.0,0.0,0.0,0.0,0.0,0.0,0.0,0.0,0.0,0.0,0.0,17,1,19,0,18,0,22,0
1.92086E14,1.92292E14,1.92398E14,1.92491E14,1.92592E14,1.92686E14,1.92787E14,0.0,0.0,0.0,0.0,0.0,0.0,0.0,0.0,0.0,0.0,0.0,0.0,0.0,0.0,0.0,0.0,0.0,0.0,0.0,0.0,0.0,0.0,0.0,0.0,0.0,0.0,0.0,0.0,0.0,0.0,0.0,0.0,0.0,17,1,19,0,18,0,20,1
1.92086E14,1.92292E14,1.92398E14,1.92491E14,1.92592E14,1.92686E14,1.92787E14,0.0,0.0,0.0,0.0,0.0,0.0,0.0,0.0,0.0,0.0,0.0,0.0,0.0,0.0,0.0,0.0,0.0,0.0,0.0,0.0,0.0,0.0,0.0,0.0,0.0,0.0,0.0,0.0,0.0,0.0,0.0,0.0,0.0,17,1,19,0,18,0,19,0
1.92086E14,1.92292E14,1.92398E14,1.92491E14,1.92592E14,1.92686E14,1.92787E14,0.0,0.0,0.0,0.0,0.0,0.0,0.0,0.0,0.0,0.0,0.0,0.0,0.0,0.0,0.0,0.0,0.0,0.0,0.0,0.0,0.0,0.0,0.0,0.0,0.0,0.0,0.0,0.0,0.0,0.0,0.0,0.0,0.0,18,1,17,0,19,0,21,0
1.92086E14,1.92292E14,1.92398E14,1.92491E14,1.92592E14,1.92686E14,1.92787E14,0.0,0.0,0.0,0.0,0.0,0.0,0.0,0.0,0.0,0.0,0.0,0.0,0.0,0.0,0.0,0.0,0.0,0.0,0.0,0.0,0.0,0.0,0.0,0.0,0.0,0.0,0.0,0.0,0.0,0.0,0.0,0.0,0.0,18,1,17,0,19,0,20,0
1.92086E14,1.92292E14,1.92398E14,1.92491E14,1.92592E14,1.92686E14,1.92787E14,0.0,0.0,0.0,0.0,0.0,0.0,0.0,0.0,0.0,0.0,0.0,0.0,0.0,0.0,0.0,0.0,0.0,0.0,0.0,0.0,0.0,0.0,0.0,0.0,0.0,0.0,0.0,0.0,0.0,0.0,0.0,0.0,0.0,18,1,17,0,19,0,19,0
1.92086E14,1.92292E14,1.92398E14,1.92491E14,1.92592E14,1.92686E14,1.92787E14,1.92897E14,0.0,0.0,0.0,0.0,0.0,0.0,0.0,0.0,0.0,0.0,0.0,0.0,0.0,0.0,0.0,0.0,0.0,0.0,0.0,0.0,0.0,0.0,0.0,0.0,0.0,0.0,0.0,0.0,0.0,0.0,0.0,0.0,17,0,19,1,21,3,24,0
1.92086E14,1.92292E14,1.92398E14,1.92491E14,1.92592E14,1.92686E14,1.92787E14,1.92897E14,0.0,0.0,0.0,0.0,0.0,0.0,0.0,0.0,0.0,0.0,0.0,0.0,0.0,0.0,0.0,0.0,0.0,0.0,0.0,0.0,0.0,0.0,0.0,0.0,0.0,0.0,0.0,0.0,0.0,0.0,0.0,0.0,17,0,19,1,20,2,24,0
1.92086E14,1.92292E14,1.92398E14,1.92491E14,1.92592E14,1.92686E14,1.92787E14,1.92897E14,0.0,0.0,0.0,0.0,0.0,0.0,0.0,0.0,0.0,0.0,0.0,0.0,0.0,0.0,0.0,0.0,0.0,0.0,0.0,0.0,0.0,0.0,0.0,0.0,0.0,0.0,0.0,0.0,0.0,0.0,0.0,0.0,17,0,19,1,20,2,22,3
1.92086E14,1.92292E14,1.92398E14,1.92491E14,1.92592E14,1.92686E14,1.92787E14,1.92897E14,0.0,0.0,0.0,0.0,0.0,0.0,0.0,0.0,0.0,0.0,0.0,0.0,0.0,0.0,0.0,0.0,0.0,0.0,0.0,0.0,0.0,0.0,0.0,0.0,0.0,0.0,0.0,0.0,0.0,0.0,0.0,0.0,17,0,19,1,19,1,24,0
1.92086E14,1.92292E14,1.92398E14,1.92491E14,1.92592E14,1.92686E14,1.92787E14,1.92897E14,0.0,0.0,0.0,0.0,0.0,0.0,0.0,0.0,0.0,0.0,0.0,0.0,0.0,0.0,0.0,0.0,0.0,0.0,0.0,0.0,0.0,0.0,0.0,0.0,0.0,0.0,0.0,0.0,0.0,0.0,0.0,0.0,17,0,19,1,19,1,20,0
1.92086E14,1.92292E14,1.92398E14,1.92491E14,1.92592E14,1.92686E14,1.92787E14,1.92897E14,0.0,0.0,0.0,0.0,0.0,0.0,0.0,0.0,0.0,0.0,0.0,0.0,0.0,0.0,0.0,0.0,0.0,0.0,0.0,0.0,0.0,0.0,0.0,0.0,0.0,0.0,0.0,0.0,0.0,0.0,0.0,0.0,17,0,18,0,21,3,24,0
1.92086E14,1.92292E14,1.92398E14,1.92491E14,1.92592E14,1.92686E14,1.92787E14,1.92897E14,0.0,0.0,0.0,0.0,0.0,0.0,0.0,0.0,0.0,0.0,0.0,0.0,0.0,0.0,0.0,0.0,0.0,0.0,0.0,0.0,0.0,0.0,0.0,0.0,0.0,0.0,0.0,0.0,0.0,0.0,0.0,0.0,17,0,18,0,21,3,20,0
1.92086E14,1.92292E14,1.92398E14,1.92491E14,1.92592E14,1.92686E14,1.92787E14,1.92897E14,0.0,0.0,0.0,0.0,0.0,0.0,0.0,0.0,0.0,0.0,0.0,0.0,0.0,0.0,0.0,0.0,0.0,0.0,0.0,0.0,0.0,0.0,0.0,0.0,0.0,0.0,0.0,0.0,0.0,0.0,0.0,0.0,17,0,19,1,18,0,24,0
1.92086E14,1.92292E14,1.92398E14,1.92491E14,1.92592E14,1.92686E14,1.92787E14,1.92897E14,0.0,0.0,0.0,0.0,0.0,0.0,0.0,0.0,0.0,0.0,0.0,0.0,0.0,0.0,0.0,0.0,0.0,0.0,0.0,0.0,0.0,0.0,0.0,0.0,0.0,0.0,0.0,0.0,0.0,0.0,0.0,0.0,17,0,19,1,18,0,22,0
1.92086E14,1.92292E14,1.92398E14,1.92491E14,1.92592E14,1.92686E14,1.92787E14,1.92897E14,0.0,0.0,0.0,0.0,0.0,0.0,0.0,0.0,0.0,0.0,0.0,0.0,0.0,0.0,0.0,0.0,0.0,0.0,0.0,0.0,0.0,0.0,0.0,0.0,0.0,0.0,0.0,0.0,0.0,0.0,0.0,0.0,17,0,18,0,20,2,23,0
1.92086E14,1.92292E14,1.92398E14,1.92491E14,1.92592E14,1.92686E14,1.92787E14,1.92897E14,0.0,0.0,0.0,0.0,0.0,0.0,0.0,0.0,0.0,0.0,0.0,0.0,0.0,0.0,0.0,0.0,0.0,0.0,0.0,0.0,0.0,0.0,0.0,0.0,0.0,0.0,0.0,0.0,0.0,0.0,0.0,0.0,17,0,18,0,20,2,21,0
1.92086E14,1.92292E14,1.92398E14,1.92491E14,1.92592E14,1.92686E14,1.92787E14,1.92897E14,0.0,0.0,0.0,0.0,0.0,0.0,0.0,0.0,0.0,0.0,0.0,0.0,0.0,0.0,0.0,0.0,0.0,0.0,0.0,0.0,0.0,0.0,0.0,0.0,0.0,0.0,0.0,0.0,0.0,0.0,0.0,0.0,17,0,18,0,20,2,20,0
1.92086E14,1.92292E14,1.92398E14,1.92491E14,1.92592E14,1.92686E14,1.92787E14,1.92897E14,0.0,0.0,0.0,0.0,0.0,0.0,0.0,0.0,0.0,0.0,0.0,0.0,0.0,0.0,0.0,0.0,0.0,0.0,0.0,0.0,0.0,0.0,0.0,0.0,0.0,0.0,0.0,0.0,0.0,0.0,0.0,0.0,17,0,18,0,20,2,19,0
1.92086E14,1.92292E14,1.92398E14,1.92491E14,1.92592E14,1.92686E14,1.92787E14,1.92897E14,0.0,0.0,0.0,0.0,0.0,0.0,0.0,0.0,0.0,0.0,0.0,0.0,0.0,0.0,0.0,0.0,0.0,0.0,0.0,0.0,0.0,0.0,0.0,0.0,0.0,0.0,0.0,0.0,0.0,0.0,0.0,0.0,17,0,18,0,19,1,24,0
1.92086E14,1.92292E14,1.92398E14,1.92491E14,1.92592E14,1.92686E14,1.92787E14,1.92897E14,0.0,0.0,0.0,0.0,0.0,0.0,0.0,0.0,0.0,0.0,0.0,0.0,0.0,0.0,0.0,0.0,0.0,0.0,0.0,0.0,0.0,0.0,0.0,0.0,0.0,0.0,0.0,0.0,0.0,0.0,0.0,0.0,17,0,18,0,19,1,22,0
1.92086E14,1.92292E14,1.92398E14,1.92491E14,1.92592E14,1.92686E14,1.92787E14,1.92897E14,0.0,0.0,0.0,0.0,0.0,0.0,0.0,0.0,0.0,0.0,0.0,0.0,0.0,0.0,0.0,0.0,0.0,0.0,0.0,0.0,0.0,0.0,0.0,0.0,0.0,0.0,0.0,0.0,0.0,0.0,0.0,0.0,17,0,18,0,19,1,21,0
1.92086E14,1.92292E14,1.92398E14,1.92491E14,1.92592E14,1.92686E14,1.92787E14,1.92897E14,0.0,0.0,0.0,0.0,0.0,0.0,0.0,0.0,0.0,0.0,0.0,0.0,0.0,0.0,0.0,0.0,0.0,0.0,0.0,0.0,0.0,0.0,0.0,0.0,0.0,0.0,0.0,0.0,0.0,0.0,0.0,0.0,17,0,18,0,19,1,20,0
1.92086E14,1.92292E14,1.92398E14,1.92491E14,1.92592E14,1.92686E14,1.92787E14,1.92897E14,0.0,0.0,0.0,0.0,0.0,0.0,0.0,0.0,0.0,0.0,0.0,0.0,0.0,0.0,0.0,0.0,0.0,0.0,0.0,0.0,0.0,0.0,0.0,0.0,0.0,0.0,0.0,0.0,0.0,0.0,0.0,0.0,17,0,18,0,19,1,19,0
1.92086E14,1.92292E14,1.92398E14,1.92491E14,1.92592E14,1.92686E14,1.92787E14,1.92897E14,0.0,0.0,0.0,0.0,0.0,0.0,0.0,0.0,0.0,0.0,0.0,0.0,0.0,0.0,0.0,0.0,0.0,0.0,0.0,0.0,0.0,0.0,0.0,0.0,0.0,0.0,0.0,0.0,0.0,0.0,0.0,0.0,17,0,18,0,20,3,20,0
1.92086E14,1.92292E14,1.92398E14,1.92491E14,1.92592E14,1.92686E14,1.92787E14,1.92897E14,0.0,0.0,0.0,0.0,0.0,0.0,0.0,0.0,0.0,0.0,0.0,0.0,0.0,0.0,0.0,0.0,0.0,0.0,0.0,0.0,0.0,0.0,0.0,0.0,0.0,0.0,0.0,0.0,0.0,0.0,0.0,0.0,17,0,18,0,18,0,24,0
1.92086E14,1.92292E14,1.92398E14,1.92491E14,1.92592E14,1.92686E14,1.92787E14,1.92897E14,0.0,0.0,0.0,0.0,0.0,0.0,0.0,0.0,0.0,0.0,0.0,0.0,0.0,0.0,0.0,0.0,0.0,0.0,0.0,0.0,0.0,0.0,0.0,0.0,0.0,0.0,0.0,0.0,0.0,0.0,0.0,0.0,17,0,18,0,18,0,22,0
1.92086E14,1.92292E14,1.92398E14,1.92491E14,1.92592E14,1.92686E14,1.92787E14,1.92897E14,0.0,0.0,0.0,0.0,0.0,0.0,0.0,0.0,0.0,0.0,0.0,0.0,0.0,0.0,0.0,0.0,0.0,0.0,0.0,0.0,0.0,0.0,0.0,0.0,0.0,0.0,0.0,0.0,0.0,0.0,0.0,0.0,17,0,18,0,18,0,21,0
1.92086E14,1.92292E14,1.92398E14,1.92491E14,1.92592E14,1.92686E14,1.92787E14,1.92897E14,0.0,0.0,0.0,0.0,0.0,0.0,0.0,0.0,0.0,0.0,0.0,0.0,0.0,0.0,0.0,0.0,0.0,0.0,0.0,0.0,0.0,0.0,0.0,0.0,0.0,0.0,0.0,0.0,0.0,0.0,0.0,0.0,17,0,18,0,18,0,20,0
1.92086E14,1.92292E14,1.92398E14,1.92491E14,1.92592E14,1.92686E14,1.92787E14,1.92897E14,0.0,0.0,0.0,0.0,0.0,0.0,0.0,0.0,0.0,0.0,0.0,0.0,0.0,0.0,0.0,0.0,0.0,0.0,0.0,0.0,0.0,0.0,0.0,0.0,0.0,0.0,0.0,0.0,0.0,0.0,0.0,0.0,17,0,18,0,18,0,19,0
1.92086E14,1.92292E14,1.92398E14,1.92491E14,1.92592E14,1.92686E14,1.92787E14,1.92897E14,0.0,0.0,0.0,0.0,0.0,0.0,0.0,0.0,0.0,0.0,0.0,0.0,0.0,0.0,0.0,0.0,0.0,0.0,0.0,0.0,0.0,0.0,0.0,0.0,0.0,0.0,0.0,0.0,0.0,0.0,0.0,0.0,17,0,18,1,19,0,21,0
1.92086E14,1.92292E14,1.92398E14,1.92491E14,1.92592E14,1.92686E14,1.92787E14,1.92897E14,0.0,0.0,0.0,0.0,0.0,0.0,0.0,0.0,0.0,0.0,0.0,0.0,0.0,0.0,0.0,0.0,0.0,0.0,0.0,0.0,0.0,0.0,0.0,0.0,0.0,0.0,0.0,0.0,0.0,0.0,0.0,0.0,17,0,18,1,19,0,20,0
1.92086E14,1.92292E14,1.92398E14,1.92491E14,1.92592E14,1.92686E14,1.92787E14,1.92897E14,0.0,0.0,0.0,0.0,0.0,0.0,0.0,0.0,0.0,0.0,0.0,0.0,0.0,0.0,0.0,0.0,0.0,0.0,0.0,0.0,0.0,0.0,0.0,0.0,0.0,0.0,0.0,0.0,0.0,0.0,0.0,0.0,17,0,18,1,19,0,19,0
1.92086E14,1.92292E14,1.92398E14,1.92491E14,1.92592E14,1.92686E14,1.92787E14,1.92897E14,0.0,0.0,0.0,0.0,0.0,0.0,0.0,0.0,0.0,0.0,0.0,0.0,0.0,0.0,0.0,0.0,0.0,0.0,0.0,0.0,0.0,0.0,0.0,0.0,0.0,0.0,0.0,0.0,0.0,0.0,0.0,0.0,16,0,19,0,20,2,23,0
1.92086E14,1.92292E14,1.92398E14,1.92491E14,1.92592E14,1.92686E14,1.92787E14,1.92897E14,0.0,0.0,0.0,0.0,0.0,0.0,0.0,0.0,0.0,0.0,0.0,0.0,0.0,0.0,0.0,0.0,0.0,0.0,0.0,0.0,0.0,0.0,0.0,0.0,0.0,0.0,0.0,0.0,0.0,0.0,0.0,0.0,16,0,19,0,20,2,21,0
1.92086E14,1.92292E14,1.92398E14,1.92491E14,1.92592E14,1.92686E14,1.92787E14,1.92897E14,0.0,0.0,0.0,0.0,0.0,0.0,0.0,0.0,0.0,0.0,0.0,0.0,0.0,0.0,0.0,0.0,0.0,0.0,0.0,0.0,0.0,0.0,0.0,0.0,0.0,0.0,0.0,0.0,0.0,0.0,0.0,0.0,16,0,19,0,20,2,20,0
1.92086E14,1.92292E14,1.92398E14,1.92491E14,1.92592E14,1.92686E14,1.92787E14,1.92897E14,1.92991E14,0.0,0.0,0.0,0.0,0.0,0.0,0.0,0.0,0.0,0.0,0.0,0.0,0.0,0.0,0.0,0.0,0.0,0.0,0.0,0.0,0.0,0.0,0.0,0.0,0.0,0.0,0.0,0.0,0.0,0.0,0.0,18,1,19,1,19,1,24,1
1.92086E14,1.92292E14,1.92398E14,1.92491E14,1.92592E14,1.92686E14,1.92787E14,1.92897E14,1.92991E14,0.0,0.0,0.0,0.0,0.0,0.0,0.0,0.0,0.0,0.0,0.0,0.0,0.0,0.0,0.0,0.0,0.0,0.0,0.0,0.0,0.0,0.0,0.0,0.0,0.0,0.0,0.0,0.0,0.0,0.0,0.0,18,1,18,0,19,1,24,1
1.92086E14,1.92292E14,1.92398E14,1.92491E14,1.92592E14,1.92686E14,1.92787E14,1.92897E14,1.92991E14,0.0,0.0,0.0,0.0,0.0,0.0,0.0,0.0,0.0,0.0,0.0,0.0,0.0,0.0,0.0,0.0,0.0,0.0,0.0,0.0,0.0,0.0,0.0,0.0,0.0,0.0,0.0,0.0,0.0,0.0,0.0,17,0,19,1,19,1,24,1
1.92086E14,1.92292E14,1.92398E14,1.92491E14,1.92592E14,1.92686E14,1.92787E14,1.92897E14,1.92991E14,0.0,0.0,0.0,0.0,0.0,0.0,0.0,0.0,0.0,0.0,0.0,0.0,0.0,0.0,0.0,0.0,0.0,0.0,0.0,0.0,0.0,0.0,0.0,0.0,0.0,0.0,0.0,0.0,0.0,0.0,0.0,17,0,19,1,19,1,20,0
1.92086E14,1.92292E14,1.92398E14,1.92491E14,1.92592E14,1.92686E14,1.92787E14,1.92897E14,1.92991E14,0.0,0.0,0.0,0.0,0.0,0.0,0.0,0.0,0.0,0.0,0.0,0.0,0.0,0.0,0.0,0.0,0.0,0.0,0.0,0.0,0.0,0.0,0.0,0.0,0.0,0.0,0.0,0.0,0.0,0.0,0.0,17,0,19,1,19,1,19,0
1.92086E14,1.92292E14,1.92398E14,1.92491E14,1.92592E14,1.92686E14,1.92787E14,1.92897E14,1.92991E14,0.0,0.0,0.0,0.0,0.0,0.0,0.0,0.0,0.0,0.0,0.0,0.0,0.0,0.0,0.0,0.0,0.0,0.0,0.0,0.0,0.0,0.0,0.0,0.0,0.0,0.0,0.0,0.0,0.0,0.0,0.0,17,0,19,1,18,0,24,2
1.92086E14,1.92292E14,1.92398E14,1.92491E14,1.92592E14,1.92686E14,1.92787E14,1.92897E14,1.92991E14,0.0,0.0,0.0,0.0,0.0,0.0,0.0,0.0,0.0,0.0,0.0,0.0,0.0,0.0,0.0,0.0,0.0,0.0,0.0,0.0,0.0,0.0,0.0,0.0,0.0,0.0,0.0,0.0,0.0,0.0,0.0,17,0,19,1,18,0,22,0
1.92086E14,1.92292E14,1.92398E14,1.92491E14,1.92592E14,1.92686E14,1.92787E14,1.92897E14,1.92991E14,0.0,0.0,0.0,0.0,0.0,0.0,0.0,0.0,0.0,0.0,0.0,0.0,0.0,0.0,0.0,0.0,0.0,0.0,0.0,0.0,0.0,0.0,0.0,0.0,0.0,0.0,0.0,0.0,0.0,0.0,0.0,17,0,19,1,18,0,21,1
1.92086E14,1.92292E14,1.92398E14,1.92491E14,1.92592E14,1.92686E14,1.92787E14,1.92897E14,1.92991E14,0.0,0.0,0.0,0.0,0.0,0.0,0.0,0.0,0.0,0.0,0.0,0.0,0.0,0.0,0.0,0.0,0.0,0.0,0.0,0.0,0.0,0.0,0.0,0.0,0.0,0.0,0.0,0.0,0.0,0.0,0.0,17,0,19,1,18,0,20,1
1.92086E14,1.92292E14,1.92398E14,1.92491E14,1.92592E14,1.92686E14,1.92787E14,1.92897E14,1.92991E14,0.0,0.0,0.0,0.0,0.0,0.0,0.0,0.0,0.0,0.0,0.0,0.0,0.0,0.0,0.0,0.0,0.0,0.0,0.0,0.0,0.0,0.0,0.0,0.0,0.0,0.0,0.0,0.0,0.0,0.0,0.0,17,0,19,1,18,0,19,0
1.92086E14,1.92292E14,1.92398E14,1.92491E14,1.92592E14,1.92686E14,1.92787E14,1.92897E14,1.92991E14,0.0,0.0,0.0,0.0,0.0,0.0,0.0,0.0,0.0,0.0,0.0,0.0,0.0,0.0,0.0,0.0,0.0,0.0,0.0,0.0,0.0,0.0,0.0,0.0,0.0,0.0,0.0,0.0,0.0,0.0,0.0,17,0,18,0,19,1,24,1
1.92086E14,1.92292E14,1.92398E14,1.92491E14,1.92592E14,1.92686E14,1.92787E14,1.92897E14,1.92991E14,0.0,0.0,0.0,0.0,0.0,0.0,0.0,0.0,0.0,0.0,0.0,0.0,0.0,0.0,0.0,0.0,0.0,0.0,0.0,0.0,0.0,0.0,0.0,0.0,0.0,0.0,0.0,0.0,0.0,0.0,0.0,17,0,18,0,19,1,22,1
1.92086E14,1.92292E14,1.92398E14,1.92491E14,1.92592E14,1.92686E14,1.92787E14,1.92897E14,1.92991E14,0.0,0.0,0.0,0.0,0.0,0.0,0.0,0.0,0.0,0.0,0.0,0.0,0.0,0.0,0.0,0.0,0.0,0.0,0.0,0.0,0.0,0.0,0.0,0.0,0.0,0.0,0.0,0.0,0.0,0.0,0.0,17,0,18,0,19,1,21,1
1.92086E14,1.92292E14,1.92398E14,1.92491E14,1.92592E14,1.92686E14,1.92787E14,1.92897E14,1.92991E14,0.0,0.0,0.0,0.0,0.0,0.0,0.0,0.0,0.0,0.0,0.0,0.0,0.0,0.0,0.0,0.0,0.0,0.0,0.0,0.0,0.0,0.0,0.0,0.0,0.0,0.0,0.0,0.0,0.0,0.0,0.0,17,0,18,0,19,1,20,1
1.92086E14,1.92292E14,1.92398E14,1.92491E14,1.92592E14,1.92686E14,1.92787E14,1.92897E14,1.92991E14,0.0,0.0,0.0,0.0,0.0,0.0,0.0,0.0,0.0,0.0,0.0,0.0,0.0,0.0,0.0,0.0,0.0,0.0,0.0,0.0,0.0,0.0,0.0,0.0,0.0,0.0,0.0,0.0,0.0,0.0,0.0,17,0,18,0,19,1,19,0
1.92086E14,1.92292E14,1.92398E14,1.92491E14,1.92592E14,1.92686E14,1.92787E14,1.92897E14,1.92991E14,0.0,0.0,0.0,0.0,0.0,0.0,0.0,0.0,0.0,0.0,0.0,0.0,0.0,0.0,0.0,0.0,0.0,0.0,0.0,0.0,0.0,0.0,0.0,0.0,0.0,0.0,0.0,0.0,0.0,0.0,0.0,17,0,18,0,18,0,24,1
1.92086E14,1.92292E14,1.92398E14,1.92491E14,1.92592E14,1.92686E14,1.92787E14,1.92897E14,1.92991E14,0.0,0.0,0.0,0.0,0.0,0.0,0.0,0.0,0.0,0.0,0.0,0.0,0.0,0.0,0.0,0.0,0.0,0.0,0.0,0.0,0.0,0.0,0.0,0.0,0.0,0.0,0.0,0.0,0.0,0.0,0.0,17,0,18,0,18,0,23,2
1.92086E14,1.92292E14,1.92398E14,1.92491E14,1.92592E14,1.92686E14,1.92787E14,1.92897E14,1.92991E14,0.0,0.0,0.0,0.0,0.0,0.0,0.0,0.0,0.0,0.0,0.0,0.0,0.0,0.0,0.0,0.0,0.0,0.0,0.0,0.0,0.0,0.0,0.0,0.0,0.0,0.0,0.0,0.0,0.0,0.0,0.0,17,0,18,0,18,0,22,1
1.92086E14,1.92292E14,1.92398E14,1.92491E14,1.92592E14,1.92686E14,1.92787E14,1.92897E14,1.92991E14,0.0,0.0,0.0,0.0,0.0,0.0,0.0,0.0,0.0,0.0,0.0,0.0,0.0,0.0,0.0,0.0,0.0,0.0,0.0,0.0,0.0,0.0,0.0,0.0,0.0,0.0,0.0,0.0,0.0,0.0,0.0,17,0,18,0,18,0,21,1
1.92086E14,1.92292E14,1.92398E14,1.92491E14,1.92592E14,1.92686E14,1.92787E14,1.92897E14,1.92991E14,0.0,0.0,0.0,0.0,0.0,0.0,0.0,0.0,0.0,0.0,0.0,0.0,0.0,0.0,0.0,0.0,0.0,0.0,0.0,0.0,0.0,0.0,0.0,0.0,0.0,0.0,0.0,0.0,0.0,0.0,0.0,17,0,18,0,18,0,20,1
1.92086E14,1.92292E14,1.92398E14,1.92491E14,1.92592E14,1.92686E14,1.92787E14,1.92897E14,1.92991E14,0.0,0.0,0.0,0.0,0.0,0.0,0.0,0.0,0.0,0.0,0.0,0.0,0.0,0.0,0.0,0.0,0.0,0.0,0.0,0.0,0.0,0.0,0.0,0.0,0.0,0.0,0.0,0.0,0.0,0.0,0.0,17,0,18,0,18,0,19,0
1.92086E14,1.92292E14,1.92398E14,1.92491E14,1.92592E14,1.92686E14,1.92787E14,1.92897E14,1.92991E14,0.0,0.0,0.0,0.0,0.0,0.0,0.0,0.0,0.0,0.0,0.0,0.0,0.0,0.0,0.0,0.0,0.0,0.0,0.0,0.0,0.0,0.0,0.0,0.0,0.0,0.0,0.0,0.0,0.0,0.0,0.0,17,0,18,1,19,0,21,0
1.92086E14,1.92292E14,1.92398E14,1.92491E14,1.92592E14,1.92686E14,1.92787E14,1.92897E14,1.92991E14,0.0,0.0,0.0,0.0,0.0,0.0,0.0,0.0,0.0,0.0,0.0,0.0,0.0,0.0,0.0,0.0,0.0,0.0,0.0,0.0,0.0,0.0,0.0,0.0,0.0,0.0,0.0,0.0,0.0,0.0,0.0,17,0,18,1,19,0,20,1
1.92086E14,1.92292E14,1.92398E14,1.92491E14,1.92592E14,1.92686E14,1.92787E14,1.92897E14,1.92991E14,0.0,0.0,0.0,0.0,0.0,0.0,0.0,0.0,0.0,0.0,0.0,0.0,0.0,0.0,0.0,0.0,0.0,0.0,0.0,0.0,0.0,0.0,0.0,0.0,0.0,0.0,0.0,0.0,0.0,0.0,0.0,17,0,18,1,19,0,19,0
1.92086E14,1.92292E14,1.92398E14,1.92491E14,1.92592E14,1.92686E14,1.92787E14,1.92897E14,1.92991E14,0.0,0.0,0.0,0.0,0.0,0.0,0.0,0.0,0.0,0.0,0.0,0.0,0.0,0.0,0.0,0.0,0.0,0.0,0.0,0.0,0.0,0.0,0.0,0.0,0.0,0.0,0.0,0.0,0.0,0.0,0.0,17,0,19,1,17,0,21,1
1.92086E14,1.92292E14,1.92398E14,1.92491E14,1.92592E14,1.92686E14,1.92787E14,1.92897E14,1.92991E14,0.0,0.0,0.0,0.0,0.0,0.0,0.0,0.0,0.0,0.0,0.0,0.0,0.0,0.0,0.0,0.0,0.0,0.0,0.0,0.0,0.0,0.0,0.0,0.0,0.0,0.0,0.0,0.0,0.0,0.0,0.0,17,0,19,1,17,0,20,0
1.92086E14,1.92292E14,1.92398E14,1.92491E14,1.92592E14,1.92686E14,1.92787E14,1.92897E14,1.92991E14,0.0,0.0,0.0,0.0,0.0,0.0,0.0,0.0,0.0,0.0,0.0,0.0,0.0,0.0,0.0,0.0,0.0,0.0,0.0,0.0,0.0,0.0,0.0,0.0,0.0,0.0,0.0,0.0,0.0,0.0,0.0,17,1,19,1,19,1,20,0
1.92086E14,1.92292E14,1.92398E14,1.92491E14,1.92592E14,1.92686E14,1.92787E14,1.92897E14,1.92991E14,0.0,0.0,0.0,0.0,0.0,0.0,0.0,0.0,0.0,0.0,0.0,0.0,0.0,0.0,0.0,0.0,0.0,0.0,0.0,0.0,0.0,0.0,0.0,0.0,0.0,0.0,0.0,0.0,0.0,0.0,0.0,17,0,18,0,18,1,24,0
1.92086E14,1.92292E14,1.92398E14,1.92491E14,1.92592E14,1.92686E14,1.92787E14,1.92897E14,1.92991E14,0.0,0.0,0.0,0.0,0.0,0.0,0.0,0.0,0.0,0.0,0.0,0.0,0.0,0.0,0.0,0.0,0.0,0.0,0.0,0.0,0.0,0.0,0.0,0.0,0.0,0.0,0.0,0.0,0.0,0.0,0.0,16,0,19,0,19,1,24,1
1.92086E14,1.92292E14,1.92398E14,1.92491E14,1.92592E14,1.92686E14,1.92787E14,1.92897E14,1.92991E14,0.0,0.0,0.0,0.0,0.0,0.0,0.0,0.0,0.0,0.0,0.0,0.0,0.0,0.0,0.0,0.0,0.0,0.0,0.0,0.0,0.0,0.0,0.0,0.0,0.0,0.0,0.0,0.0,0.0,0.0,0.0,16,0,19,0,19,1,22,1
1.92086E14,1.92292E14,1.92398E14,1.92491E14,1.92592E14,1.92686E14,1.92787E14,1.92897E14,1.92991E14,1.93093E14,1.93195E14,1.93293E14,0.0,1.93489E14,0.0,0.0,0.0,0.0,0.0,0.0,0.0,0.0,0.0,0.0,0.0,0.0,0.0,0.0,0.0,0.0,0.0,0.0,0.0,0.0,0.0,0.0,0.0,0.0,0.0,0.0,17,0,19,1,21,3,24,0
1.92086E14,1.92292E14,1.92398E14,1.92491E14,1.92592E14,1.92686E14,1.92787E14,1.92897E14,1.92991E14,1.93093E14,1.93195E14,1.93293E14,0.0,1.93489E14,0.0,0.0,0.0,0.0,0.0,0.0,0.0,0.0,0.0,0.0,0.0,0.0,0.0,0.0,0.0,0.0,0.0,0.0,0.0,0.0,0.0,0.0,0.0,0.0,0.0,0.0,17,0,19,1,22,4,24,0
1.92086E14,1.92292E14,1.92398E14,1.92491E14,1.92592E14,1.92686E14,1.92787E14,1.92897E14,1.92991E14,1.93093E14,1.93195E14,1.93293E14,0.0,1.93489E14,0.0,0.0,0.0,0.0,0.0,0.0,0.0,0.0,0.0,0.0,0.0,0.0,0.0,0.0,0.0,0.0,0.0,0.0,0.0,0.0,0.0,0.0,0.0,0.0,0.0,0.0,17,0,19,1,20,2,24,0
1.92086E14,1.92292E14,1.92398E14,1.92491E14,1.92592E14,1.92686E14,1.92787E14,1.92897E14,1.92991E14,1.93093E14,1.93195E14,1.93293E14,0.0,1.93489E14,0.0,0.0,0.0,0.0,0.0,0.0,0.0,0.0,0.0,0.0,0.0,0.0,0.0,0.0,0.0,0.0,0.0,0.0,0.0,0.0,0.0,0.0,0.0,0.0,0.0,0.0,17,0,19,1,20,2,22,0
1.92086E14,1.92292E14,1.92398E14,1.92491E14,1.92592E14,1.92686E14,1.92787E14,1.92897E14,1.92991E14,1.93093E14,1.93195E14,1.93293E14,0.0,1.93489E14,0.0,0.0,0.0,0.0,0.0,0.0,0.0,0.0,0.0,0.0,0.0,0.0,0.0,0.0,0.0,0.0,0.0,0.0,0.0,0.0,0.0,0.0,0.0,0.0,0.0,0.0,17,0,19,1,19,1,24,3
1.92086E14,1.92292E14,1.92398E14,1.92491E14,1.92592E14,1.92686E14,1.92787E14,1.92897E14,1.92991E14,1.93093E14,1.93195E14,1.93293E14,0.0,1.93489E14,0.0,0.0,0.0,0.0,0.0,0.0,0.0,0.0,0.0,0.0,0.0,0.0,0.0,0.0,0.0,0.0,0.0,0.0,0.0,0.0,0.0,0.0,0.0,0.0,0.0,0.0,17,0,19,1,19,1,21,0
1.92086E14,1.92292E14,1.92398E14,1.92491E14,1.92592E14,1.92686E14,1.92787E14,1.92897E14,1.92991E14,1.93093E14,1.93195E14,1.93293E14,0.0,1.93489E14,0.0,0.0,0.0,0.0,0.0,0.0,0.0,0.0,0.0,0.0,0.0,0.0,0.0,0.0,0.0,0.0,0.0,0.0,0.0,0.0,0.0,0.0,0.0,0.0,0.0,0.0,17,0,18,0,22,4,24,0
1.92086E14,1.92292E14,1.92398E14,1.92491E14,1.92592E14,1.92686E14,1.92787E14,1.92897E14,1.92991E14,1.93093E14,1.93195E14,1.93293E14,0.0,1.93489E14,0.0,0.0,0.0,0.0,0.0,0.0,0.0,0.0,0.0,0.0,0.0,0.0,0.0,0.0,0.0,0.0,0.0,0.0,0.0,0.0,0.0,0.0,0.0,0.0,0.0,0.0,17,0,18,0,22,4,22,0
1.92086E14,1.92292E14,1.92398E14,1.92491E14,1.92592E14,1.92686E14,1.92787E14,1.92897E14,1.92991E14,1.93093E14,1.93195E14,1.93293E14,0.0,1.93489E14,0.0,0.0,0.0,0.0,0.0,0.0,0.0,0.0,0.0,0.0,0.0,0.0,0.0,0.0,0.0,0.0,0.0,0.0,0.0,0.0,0.0,0.0,0.0,0.0,0.0,0.0,17,0,18,0,21,3,24,0
1.92086E14,1.92292E14,1.92398E14,1.92491E14,1.92592E14,1.92686E14,1.92787E14,1.92897E14,1.92991E14,1.93093E14,1.93195E14,1.93293E14,0.0,1.93489E14,0.0,0.0,0.0,0.0,0.0,0.0,0.0,0.0,0.0,0.0,0.0,0.0,0.0,0.0,0.0,0.0,0.0,0.0,0.0,0.0,0.0,0.0,0.0,0.0,0.0,0.0,17,0,18,0,21,3,20,0
1.92086E14,1.92292E14,1.92398E14,1.92491E14,1.92592E14,1.92686E14,1.92787E14,1.92897E14,1.92991E14,1.93093E14,1.93195E14,1.93293E14,0.0,1.93489E14,0.0,0.0,0.0,0.0,0.0,0.0,0.0,0.0,0.0,0.0,0.0,0.0,0.0,0.0,0.0,0.0,0.0,0.0,0.0,0.0,0.0,0.0,0.0,0.0,0.0,0.0,17,0,19,1,18,0,24,0
1.92086E14,1.92292E14,1.92398E14,1.92491E14,1.92592E14,1.92686E14,1.92787E14,1.92897E14,1.92991E14,1.93093E14,1.93195E14,1.93293E14,0.0,1.93489E14,0.0,0.0,0.0,0.0,0.0,0.0,0.0,0.0,0.0,0.0,0.0,0.0,0.0,0.0,0.0,0.0,0.0,0.0,0.0,0.0,0.0,0.0,0.0,0.0,0.0,0.0,17,0,19,1,18,0,23,0
1.92086E14,1.92292E14,1.92398E14,1.92491E14,1.92592E14,1.92686E14,1.92787E14,1.92897E14,1.92991E14,1.93093E14,1.93195E14,1.93293E14,0.0,1.93489E14,0.0,0.0,0.0,0.0,0.0,0.0,0.0,0.0,0.0,0.0,0.0,0.0,0.0,0.0,0.0,0.0,0.0,0.0,0.0,0.0,0.0,0.0,0.0,0.0,0.0,0.0,17,0,18,0,20,2,24,0
1.92086E14,1.92292E14,1.92398E14,1.92491E14,1.92592E14,1.92686E14,1.92787E14,1.92897E14,1.92991E14,1.93093E14,1.93195E14,1.93293E14,0.0,1.93489E14,0.0,0.0,0.0,0.0,0.0,0.0,0.0,0.0,0.0,0.0,0.0,0.0,0.0,0.0,0.0,0.0,0.0,0.0,0.0,0.0,0.0,0.0,0.0,0.0,0.0,0.0,17,0,19,1,18,0,20,0
1.92086E14,1.92292E14,1.92398E14,1.92491E14,1.92592E14,1.92686E14,1.92787E14,1.92897E14,1.92991E14,1.93093E14,1.93195E14,1.93293E14,0.0,1.93489E14,0.0,0.0,0.0,0.0,0.0,0.0,0.0,0.0,0.0,0.0,0.0,0.0,0.0,0.0,0.0,0.0,0.0,0.0,0.0,0.0,0.0,0.0,0.0,0.0,0.0,0.0,17,0,18,0,20,2,20,0
1.92086E14,1.92292E14,1.92398E14,1.92491E14,1.92592E14,1.92686E14,1.92787E14,1.92897E14,1.92991E14,1.93093E14,1.93195E14,1.93293E14,0.0,1.93489E14,0.0,0.0,0.0,0.0,0.0,0.0,0.0,0.0,0.0,0.0,0.0,0.0,0.0,0.0,0.0,0.0,0.0,0.0,0.0,0.0,0.0,0.0,0.0,0.0,0.0,0.0,17,0,18,0,20,2,19,0
1.92086E14,1.92292E14,1.92398E14,1.92491E14,1.92592E14,1.92686E14,1.92787E14,1.92897E14,1.92991E14,1.93093E14,1.93195E14,1.93293E14,0.0,1.93489E14,0.0,0.0,0.0,0.0,0.0,0.0,0.0,0.0,0.0,0.0,0.0,0.0,0.0,0.0,0.0,0.0,0.0,0.0,0.0,0.0,0.0,0.0,0.0,0.0,0.0,0.0,17,0,18,0,19,1,24,0
1.92086E14,1.92292E14,1.92398E14,1.92491E14,1.92592E14,1.92686E14,1.92787E14,1.92897E14,1.92991E14,1.93093E14,1.93195E14,1.93293E14,0.0,1.93489E14,0.0,0.0,0.0,0.0,0.0,0.0,0.0,0.0,0.0,0.0,0.0,0.0,0.0,0.0,0.0,0.0,0.0,0.0,0.0,0.0,0.0,0.0,0.0,0.0,0.0,0.0,17,0,18,0,19,1,21,0
1.92086E14,1.92292E14,1.92398E14,1.92491E14,1.92592E14,1.92686E14,1.92787E14,1.92897E14,1.92991E14,1.93093E14,1.93195E14,1.93293E14,0.0,1.93489E14,0.0,0.0,0.0,0.0,0.0,0.0,0.0,0.0,0.0,0.0,0.0,0.0,0.0,0.0,0.0,0.0,0.0,0.0,0.0,0.0,0.0,0.0,0.0,0.0,0.0,0.0,17,0,18,0,19,1,20,0
1.92086E14,1.92292E14,1.92398E14,1.92491E14,1.92592E14,1.92686E14,1.92787E14,1.92897E14,1.92991E14,1.93093E14,1.93195E14,1.93293E14,0.0,1.93489E14,0.0,0.0,0.0,0.0,0.0,0.0,0.0,0.0,0.0,0.0,0.0,0.0,0.0,0.0,0.0,0.0,0.0,0.0,0.0,0.0,0.0,0.0,0.0,0.0,0.0,0.0,17,0,18,0,19,1,19,0
1.92086E14,1.92292E14,1.92398E14,1.92491E14,1.92592E14,1.92686E14,1.92787E14,1.92897E14,1.92991E14,1.93093E14,1.93195E14,1.93293E14,0.0,1.93489E14,0.0,0.0,0.0,0.0,0.0,0.0,0.0,0.0,0.0,0.0,0.0,0.0,0.0,0.0,0.0,0.0,0.0,0.0,0.0,0.0,0.0,0.0,0.0,0.0,0.0,0.0,17,0,18,0,20,3,20,0
1.92086E14,1.92292E14,1.92398E14,1.92491E14,1.92592E14,1.92686E14,1.92787E14,1.92897E14,1.92991E14,1.93093E14,1.93195E14,1.93293E14,0.0,1.93489E14,0.0,0.0,0.0,0.0,0.0,0.0,0.0,0.0,0.0,0.0,0.0,0.0,0.0,0.0,0.0,0.0,0.0,0.0,0.0,0.0,0.0,0.0,0.0,0.0,0.0,0.0,17,0,18,0,18,0,24,0
1.92086E14,1.92292E14,1.92398E14,1.92491E14,1.92592E14,1.92686E14,1.92787E14,1.92897E14,1.92991E14,1.93093E14,1.93195E14,1.93293E14,0.0,1.93489E14,0.0,0.0,0.0,0.0,0.0,0.0,0.0,0.0,0.0,0.0,0.0,0.0,0.0,0.0,0.0,0.0,0.0,0.0,0.0,0.0,0.0,0.0,0.0,0.0,0.0,0.0,17,0,18,0,18,0,23,0
1.92086E14,1.92292E14,1.92398E14,1.92491E14,1.92592E14,1.92686E14,1.92787E14,1.92897E14,1.92991E14,1.93093E14,1.93195E14,1.93293E14,0.0,1.93489E14,0.0,0.0,0.0,0.0,0.0,0.0,0.0,0.0,0.0,0.0,0.0,0.0,0.0,0.0,0.0,0.0,0.0,0.0,0.0,0.0,0.0,0.0,0.0,0.0,0.0,0.0,17,0,18,0,18,0,21,0
1.92086E14,1.92292E14,1.92398E14,1.92491E14,1.92592E14,1.92686E14,1.92787E14,1.92897E14,1.92991E14,1.93093E14,1.93195E14,1.93293E14,0.0,1.93489E14,0.0,0.0,0.0,0.0,0.0,0.0,0.0,0.0,0.0,0.0,0.0,0.0,0.0,0.0,0.0,0.0,0.0,0.0,0.0,0.0,0.0,0.0,0.0,0.0,0.0,0.0,17,0,18,0,18,0,20,0
1.92086E14,1.92292E14,1.92398E14,1.92491E14,1.92592E14,1.92686E14,1.92787E14,1.92897E14,1.92991E14,1.93093E14,1.93195E14,1.93293E14,0.0,1.93489E14,0.0,0.0,0.0,0.0,0.0,0.0,0.0,0.0,0.0,0.0,0.0,0.0,0.0,0.0,0.0,0.0,0.0,0.0,0.0,0.0,0.0,0.0,0.0,0.0,0.0,0.0,17,0,18,0,18,0,19,0
1.92086E14,1.92292E14,1.92398E14,1.92491E14,1.92592E14,1.92686E14,1.92787E14,1.92897E14,1.92991E14,1.93093E14,1.93195E14,1.93293E14,0.0,1.93489E14,0.0,0.0,0.0,0.0,0.0,0.0,0.0,0.0,0.0,0.0,0.0,0.0,0.0,0.0,0.0,0.0,0.0,0.0,0.0,0.0,0.0,0.0,0.0,0.0,0.0,0.0,17,0,18,1,19,0,21,0
1.92086E14,1.92292E14,1.92398E14,1.92491E14,1.92592E14,1.92686E14,1.92787E14,1.92897E14,1.92991E14,1.93093E14,1.93195E14,1.93293E14,0.0,1.93489E14,0.0,0.0,0.0,0.0,0.0,0.0,0.0,0.0,0.0,0.0,0.0,0.0,0.0,0.0,0.0,0.0,0.0,0.0,0.0,0.0,0.0,0.0,0.0,0.0,0.0,0.0,17,0,18,1,19,0,20,0
1.92086E14,1.92292E14,1.92398E14,1.92491E14,1.92592E14,1.92686E14,1.92787E14,1.92897E14,1.92991E14,1.93093E14,1.93195E14,1.93293E14,0.0,1.93489E14,0.0,0.0,0.0,0.0,0.0,0.0,0.0,0.0,0.0,0.0,0.0,0.0,0.0,0.0,0.0,0.0,0.0,0.0,0.0,0.0,0.0,0.0,0.0,0.0,0.0,0.0,17,0,18,1,19,0,19,0
1.92086E14,1.92292E14,1.92398E14,1.92491E14,1.92592E14,1.92686E14,1.92787E14,1.92897E14,1.92991E14,1.93093E14,1.93195E14,1.93293E14,0.0,1.93489E14,0.0,0.0,0.0,0.0,0.0,0.0,0.0,0.0,0.0,0.0,0.0,0.0,0.0,0.0,0.0,0.0,0.0,0.0,0.0,0.0,0.0,0.0,0.0,0.0,0.0,0.0,16,0,19,0,20,2,23,0
1.92086E14,1.92292E14,1.92398E14,1.92491E14,1.92592E14,1.92686E14,1.92787E14,1.92897E14,1.92991E14,1.93093E14,1.93195E14,1.93293E14,0.0,1.93489E14,1.93588E14,1.93686E14,1.93789E14,1.93892E14,1.9399E14,0.0,0.0,0.0,0.0,0.0,0.0,0.0,0.0,0.0,0.0,0.0,0.0,0.0,0.0,0.0,0.0,0.0,0.0,0.0,0.0,0.0,17,0,20,2,19,1,24,0
1.92086E14,1.92292E14,1.92398E14,1.92491E14,1.92592E14,1.92686E14,1.92787E14,1.92897E14,1.92991E14,1.93093E14,1.93195E14,1.93293E14,0.0,1.93489E14,1.93588E14,1.93686E14,1.93789E14,1.93892E14,1.9399E14,0.0,0.0,0.0,0.0,0.0,0.0,0.0,0.0,0.0,0.0,0.0,0.0,0.0,0.0,0.0,0.0,0.0,0.0,0.0,0.0,0.0,17,0,20,2,18,0,24,0
1.92086E14,1.92292E14,1.92398E14,1.92491E14,1.92592E14,1.92686E14,1.92787E14,1.92897E14,1.92991E14,1.93093E14,1.93195E14,1.93293E14,0.0,1.93489E14,1.93588E14,1.93686E14,1.93789E14,1.93892E14,1.9399E14,0.0,0.0,0.0,0.0,0.0,0.0,0.0,0.0,0.0,0.0,0.0,0.0,0.0,0.0,0.0,0.0,0.0,0.0,0.0,0.0,0.0,17,0,19,1,19,1,24,0
1.92086E14,1.92292E14,1.92398E14,1.92491E14,1.92592E14,1.92686E14,1.92787E14,1.92897E14,1.92991E14,1.93093E14,1.93195E14,1.93293E14,0.0,1.93489E14,1.93588E14,1.93686E14,1.93789E14,1.93892E14,1.9399E14,0.0,0.0,0.0,0.0,0.0,0.0,0.0,0.0,0.0,0.0,0.0,0.0,0.0,0.0,0.0,0.0,0.0,0.0,0.0,0.0,0.0,17,0,19,1,19,1,20,0
1.92086E14,1.92292E14,1.92398E14,1.92491E14,1.92592E14,1.92686E14,1.92787E14,1.92897E14,1.92991E14,1.93093E14,1.93195E14,1.93293E14,0.0,1.93489E14,1.93588E14,1.93686E14,1.93789E14,1.93892E14,1.9399E14,0.0,0.0,0.0,0.0,0.0,0.0,0.0,0.0,0.0,0.0,0.0,0.0,0.0,0.0,0.0,0.0,0.0,0.0,0.0,0.0,0.0,17,0,19,1,19,1,19,0
1.92086E14,1.92292E14,1.92398E14,1.92491E14,1.92592E14,1.92686E14,1.92787E14,1.92897E14,1.92991E14,1.93093E14,1.93195E14,1.93293E14,0.0,1.93489E14,1.93588E14,1.93686E14,1.93789E14,1.93892E14,1.9399E14,0.0,0.0,0.0,0.0,0.0,0.0,0.0,0.0,0.0,0.0,0.0,0.0,0.0,0.0,0.0,0.0,0.0,0.0,0.0,0.0,0.0,17,0,19,1,18,0,24,0
1.92086E14,1.92292E14,1.92398E14,1.92491E14,1.92592E14,1.92686E14,1.92787E14,1.92897E14,1.92991E14,1.93093E14,1.93195E14,1.93293E14,0.0,1.93489E14,1.93588E14,1.93686E14,1.93789E14,1.93892E14,1.9399E14,0.0,0.0,0.0,0.0,0.0,0.0,0.0,0.0,0.0,0.0,0.0,0.0,0.0,0.0,0.0,0.0,0.0,0.0,0.0,0.0,0.0,17,0,19,1,18,0,23,0
1.92086E14,1.92292E14,1.92398E14,1.92491E14,1.92592E14,1.92686E14,1.92787E14,1.92897E14,1.92991E14,1.93093E14,1.93195E14,1.93293E14,0.0,1.93489E14,1.93588E14,1.93686E14,1.93789E14,1.93892E14,1.9399E14,0.0,0.0,0.0,0.0,0.0,0.0,0.0,0.0,0.0,0.0,0.0,0.0,0.0,0.0,0.0,0.0,0.0,0.0,0.0,0.0,0.0,17,0,19,1,18,0,22,0
1.92086E14,1.92292E14,1.92398E14,1.92491E14,1.92592E14,1.92686E14,1.92787E14,1.92897E14,1.92991E14,1.93093E14,1.93195E14,1.93293E14,0.0,1.93489E14,1.93588E14,1.93686E14,1.93789E14,1.93892E14,1.9399E14,0.0,0.0,0.0,0.0,0.0,0.0,0.0,0.0,0.0,0.0,0.0,0.0,0.0,0.0,0.0,0.0,0.0,0.0,0.0,0.0,0.0,17,0,19,1,18,0,21,0
1.92086E14,1.92292E14,1.92398E14,1.92491E14,1.92592E14,1.92686E14,1.92787E14,1.92897E14,1.92991E14,1.93093E14,1.93195E14,1.93293E14,0.0,1.93489E14,1.93588E14,1.93686E14,1.93789E14,1.93892E14,1.9399E14,0.0,0.0,0.0,0.0,0.0,0.0,0.0,0.0,0.0,0.0,0.0,0.0,0.0,0.0,0.0,0.0,0.0,0.0,0.0,0.0,0.0,17,0,19,1,18,0,20,0
1.92086E14,1.92292E14,1.92398E14,1.92491E14,1.92592E14,1.92686E14,1.92787E14,1.92897E14,1.92991E14,1.93093E14,1.93195E14,1.93293E14,0.0,1.93489E14,1.93588E14,1.93686E14,1.93789E14,1.93892E14,1.9399E14,0.0,0.0,0.0,0.0,0.0,0.0,0.0,0.0,0.0,0.0,0.0,0.0,0.0,0.0,0.0,0.0,0.0,0.0,0.0,0.0,0.0,17,0,19,1,18,0,19,0
1.92086E14,1.92292E14,1.92398E14,1.92491E14,1.92592E14,1.92686E14,1.92787E14,1.92897E14,1.92991E14,1.93093E14,1.93195E14,1.93293E14,0.0,1.93489E14,1.93588E14,1.93686E14,1.93789E14,1.93892E14,1.9399E14,0.0,0.0,0.0,0.0,0.0,0.0,0.0,0.0,0.0,0.0,0.0,0.0,0.0,0.0,0.0,0.0,0.0,0.0,0.0,0.0,0.0,17,0,18,0,19,1,24,0
1.92086E14,1.92292E14,1.92398E14,1.92491E14,1.92592E14,1.92686E14,1.92787E14,1.92897E14,1.92991E14,1.93093E14,1.93195E14,1.93293E14,0.0,1.93489E14,1.93588E14,1.93686E14,1.93789E14,1.93892E14,1.9399E14,0.0,0.0,0.0,0.0,0.0,0.0,0.0,0.0,0.0,0.0,0.0,0.0,0.0,0.0,0.0,0.0,0.0,0.0,0.0,0.0,0.0,17,0,18,0,19,1,23,0
1.92086E14,1.92292E14,1.92398E14,1.92491E14,1.92592E14,1.92686E14,1.92787E14,1.92897E14,1.92991E14,1.93093E14,1.93195E14,1.93293E14,0.0,1.93489E14,1.93588E14,1.93686E14,1.93789E14,1.93892E14,1.9399E14,0.0,0.0,0.0,0.0,0.0,0.0,0.0,0.0,0.0,0.0,0.0,0.0,0.0,0.0,0.0,0.0,0.0,0.0,0.0,0.0,0.0,17,0,18,0,19,1,22,0
1.92086E14,1.92292E14,1.92398E14,1.92491E14,1.92592E14,1.92686E14,1.92787E14,1.92897E14,1.92991E14,1.93093E14,1.93195E14,1.93293E14,0.0,1.93489E14,1.93588E14,1.93686E14,1.93789E14,1.93892E14,1.9399E14,0.0,0.0,0.0,0.0,0.0,0.0,0.0,0.0,0.0,0.0,0.0,0.0,0.0,0.0,0.0,0.0,0.0,0.0,0.0,0.0,0.0,17,0,18,0,19,1,21,0
1.92086E14,1.92292E14,1.92398E14,1.92491E14,1.92592E14,1.92686E14,1.92787E14,1.92897E14,1.92991E14,1.93093E14,1.93195E14,1.93293E14,0.0,1.93489E14,1.93588E14,1.93686E14,1.93789E14,1.93892E14,1.9399E14,0.0,0.0,0.0,0.0,0.0,0.0,0.0,0.0,0.0,0.0,0.0,0.0,0.0,0.0,0.0,0.0,0.0,0.0,0.0,0.0,0.0,17,0,18,0,19,1,20,0
1.92086E14,1.92292E14,1.92398E14,1.92491E14,1.92592E14,1.92686E14,1.92787E14,1.92897E14,1.92991E14,1.93093E14,1.93195E14,1.93293E14,0.0,1.93489E14,1.93588E14,1.93686E14,1.93789E14,1.93892E14,1.9399E14,0.0,0.0,0.0,0.0,0.0,0.0,0.0,0.0,0.0,0.0,0.0,0.0,0.0,0.0,0.0,0.0,0.0,0.0,0.0,0.0,0.0,17,0,18,0,19,1,19,0
1.92086E14,1.92292E14,1.92398E14,1.92491E14,1.92592E14,1.92686E14,1.92787E14,1.92897E14,1.92991E14,1.93093E14,1.93195E14,1.93293E14,0.0,1.93489E14,1.93588E14,1.93686E14,1.93789E14,1.93892E14,1.9399E14,0.0,0.0,0.0,0.0,0.0,0.0,0.0,0.0,0.0,0.0,0.0,0.0,0.0,0.0,0.0,0.0,0.0,0.0,0.0,0.0,0.0,17,0,18,0,18,0,24,0
1.92086E14,1.92292E14,1.92398E14,1.92491E14,1.92592E14,1.92686E14,1.92787E14,1.92897E14,1.92991E14,1.93093E14,1.93195E14,1.93293E14,0.0,1.93489E14,1.93588E14,1.93686E14,1.93789E14,1.93892E14,1.9399E14,0.0,0.0,0.0,0.0,0.0,0.0,0.0,0.0,0.0,0.0,0.0,0.0,0.0,0.0,0.0,0.0,0.0,0.0,0.0,0.0,0.0,17,0,18,0,18,0,23,0
1.92086E14,1.92292E14,1.92398E14,1.92491E14,1.92592E14,1.92686E14,1.92787E14,1.92897E14,1.92991E14,1.93093E14,1.93195E14,1.93293E14,0.0,1.93489E14,1.93588E14,1.93686E14,1.93789E14,1.93892E14,1.9399E14,0.0,0.0,0.0,0.0,0.0,0.0,0.0,0.0,0.0,0.0,0.0,0.0,0.0,0.0,0.0,0.0,0.0,0.0,0.0,0.0,0.0,17,0,18,0,18,0,22,0
1.92086E14,1.92292E14,1.92398E14,1.92491E14,1.92592E14,1.92686E14,1.92787E14,1.92897E14,1.92991E14,1.93093E14,1.93195E14,1.93293E14,0.0,1.93489E14,1.93588E14,1.93686E14,1.93789E14,1.93892E14,1.9399E14,0.0,0.0,0.0,0.0,0.0,0.0,0.0,0.0,0.0,0.0,0.0,0.0,0.0,0.0,0.0,0.0,0.0,0.0,0.0,0.0,0.0,17,0,18,0,18,0,21,0
1.92086E14,1.92292E14,1.92398E14,1.92491E14,1.92592E14,1.92686E14,1.92787E14,1.92897E14,1.92991E14,1.93093E14,1.93195E14,1.93293E14,0.0,1.93489E14,1.93588E14,1.93686E14,1.93789E14,1.93892E14,1.9399E14,0.0,0.0,0.0,0.0,0.0,0.0,0.0,0.0,0.0,0.0,0.0,0.0,0.0,0.0,0.0,0.0,0.0,0.0,0.0,0.0,0.0,17,0,18,0,18,0,20,0
1.92086E14,1.92292E14,1.92398E14,1.92491E14,1.92592E14,1.92686E14,1.92787E14,1.92897E14,1.92991E14,1.93093E14,1.93195E14,1.93293E14,0.0,1.93489E14,1.93588E14,1.93686E14,1.93789E14,1.93892E14,1.9399E14,0.0,0.0,0.0,0.0,0.0,0.0,0.0,0.0,0.0,0.0,0.0,0.0,0.0,0.0,0.0,0.0,0.0,0.0,0.0,0.0,0.0,17,0,18,0,18,0,19,0
1.92086E14,1.92292E14,1.92398E14,1.92491E14,1.92592E14,1.92686E14,1.92787E14,1.92897E14,1.92991E14,1.93093E14,1.93195E14,1.93293E14,0.0,1.93489E14,1.93588E14,1.93686E14,1.93789E14,1.93892E14,1.9399E14,0.0,0.0,0.0,0.0,0.0,0.0,0.0,0.0,0.0,0.0,0.0,0.0,0.0,0.0,0.0,0.0,0.0,0.0,0.0,0.0,0.0,17,0,18,1,19,0,21,0
1.92086E14,1.92292E14,1.92398E14,1.92491E14,1.92592E14,1.92686E14,1.92787E14,1.92897E14,1.92991E14,1.93093E14,1.93195E14,1.93293E14,0.0,1.93489E14,1.93588E14,1.93686E14,1.93789E14,1.93892E14,1.9399E14,0.0,0.0,0.0,0.0,0.0,0.0,0.0,0.0,0.0,0.0,0.0,0.0,0.0,0.0,0.0,0.0,0.0,0.0,0.0,0.0,0.0,17,0,18,1,19,0,20,0
1.92086E14,1.92292E14,1.92398E14,1.92491E14,1.92592E14,1.92686E14,1.92787E14,1.92897E14,1.92991E14,1.93093E14,1.93195E14,1.93293E14,0.0,1.93489E14,1.93588E14,1.93686E14,1.93789E14,1.93892E14,1.9399E14,0.0,0.0,0.0,0.0,0.0,0.0,0.0,0.0,0.0,0.0,0.0,0.0,0.0,0.0,0.0,0.0,0.0,0.0,0.0,0.0,0.0,17,0,18,1,19,0,19,0
1.92086E14,1.92292E14,1.92398E14,1.92491E14,1.92592E14,1.92686E14,1.92787E14,1.92897E14,1.92991E14,1.93093E14,1.93195E14,1.93293E14,0.0,1.93489E14,1.93588E14,1.93686E14,1.93789E14,1.93892E14,1.9399E14,0.0,0.0,0.0,0.0,0.0,0.0,0.0,0.0,0.0,0.0,0.0,0.0,0.0,0.0,0.0,0.0,0.0,0.0,0.0,0.0,0.0,16,0,20,1,18,0,22,0
1.92086E14,1.92292E14,1.92398E14,1.92491E14,1.92592E14,1.92686E14,1.92787E14,1.92897E14,1.92991E14,1.93093E14,1.93195E14,1.93293E14,0.0,1.93489E14,1.93588E14,1.93686E14,1.93789E14,1.93892E14,1.9399E14,0.0,0.0,0.0,0.0,0.0,0.0,0.0,0.0,0.0,0.0,0.0,0.0,0.0,0.0,0.0,0.0,0.0,0.0,0.0,0.0,0.0,16,0,20,1,18,0,21,0
1.92086E14,1.92292E14,1.92398E14,1.92491E14,1.92592E14,1.92686E14,1.92787E14,1.92897E14,1.92991E14,1.93093E14,1.93195E14,1.93293E14,0.0,1.93489E14,1.93588E14,1.93686E14,1.93789E14,1.93892E14,1.9399E14,0.0,0.0,0.0,0.0,0.0,0.0,0.0,0.0,0.0,0.0,0.0,0.0,0.0,0.0,0.0,0.0,0.0,0.0,0.0,0.0,0.0,16,0,20,1,18,0,20,0
1.92086E14,1.92292E14,1.92398E14,1.92491E14,1.92592E14,1.92686E14,1.92787E14,1.92897E14,1.92991E14,1.93093E14,1.93195E14,1.93293E14,0.0,1.93489E14,1.93588E14,1.93686E14,1.93789E14,1.93892E14,1.9399E14,0.0,0.0,0.0,0.0,0.0,0.0,0.0,0.0,0.0,0.0,0.0,0.0,0.0,0.0,0.0,0.0,0.0,0.0,0.0,0.0,0.0,16,0,20,1,18,0,19,0
1.92086E14,1.92292E14,1.92398E14,1.92491E14,1.92592E14,1.92686E14,1.92787E14,1.92897E14,1.92991E14,1.93093E14,1.93195E14,1.93293E14,0.0,1.93489E14,1.93588E14,1.93686E14,1.93789E14,1.93892E14,1.9399E14,1.94089E14,1.94192E14,1.94291E14,1.9439E14,1.9449E14,1.94589E14,1.94689E14,0.0,1.94888E14,1.94996E14,0.0,0.0,0.0,0.0,0.0,0.0,0.0,0.0,0.0,0.0,0.0,17,0,19,1,21,3,24,1
1.92086E14,1.92292E14,1.92398E14,1.92491E14,1.92592E14,1.92686E14,1.92787E14,1.92897E14,1.92991E14,1.93093E14,1.93195E14,1.93293E14,0.0,1.93489E14,1.93588E14,1.93686E14,1.93789E14,1.93892E14,1.9399E14,1.94089E14,1.94192E14,1.94291E14,1.9439E14,1.9449E14,1.94589E14,1.94689E14,0.0,1.94888E14,1.94996E14,0.0,0.0,0.0,0.0,0.0,0.0,0.0,0.0,0.0,0.0,0.0,17,0,19,1,20,2,24,1
1.92086E14,1.92292E14,1.92398E14,1.92491E14,1.92592E14,1.92686E14,1.92787E14,1.92897E14,1.92991E14,1.93093E14,1.93195E14,1.93293E14,0.0,1.93489E14,1.93588E14,1.93686E14,1.93789E14,1.93892E14,1.9399E14,1.94089E14,1.94192E14,1.94291E14,1.9439E14,1.9449E14,1.94589E14,1.94689E14,0.0,1.94888E14,1.94996E14,0.0,0.0,0.0,0.0,0.0,0.0,0.0,0.0,0.0,0.0,0.0,17,0,19,1,20,2,22,2
1.92086E14,1.92292E14,1.92398E14,1.92491E14,1.92592E14,1.92686E14,1.92787E14,1.92897E14,1.92991E14,1.93093E14,1.93195E14,1.93293E14,0.0,1.93489E14,1.93588E14,1.93686E14,1.93789E14,1.93892E14,1.9399E14,1.94089E14,1.94192E14,1.94291E14,1.9439E14,1.9449E14,1.94589E14,1.94689E14,0.0,1.94888E14,1.94996E14,0.0,0.0,0.0,0.0,0.0,0.0,0.0,0.0,0.0,0.0,0.0,17,0,19,1,19,1,24,1
1.92086E14,1.92292E14,1.92398E14,1.92491E14,1.92592E14,1.92686E14,1.92787E14,1.92897E14,1.92991E14,1.93093E14,1.93195E14,1.93293E14,0.0,1.93489E14,1.93588E14,1.93686E14,1.93789E14,1.93892E14,1.9399E14,1.94089E14,1.94192E14,1.94291E14,1.9439E14,1.9449E14,1.94589E14,1.94689E14,0.0,1.94888E14,1.94996E14,0.0,0.0,0.0,0.0,0.0,0.0,0.0,0.0,0.0,0.0,0.0,17,0,19,1,19,1,20,1
1.92086E14,1.92292E14,1.92398E14,1.92491E14,1.92592E14,1.92686E14,1.92787E14,1.92897E14,1.92991E14,1.93093E14,1.93195E14,1.93293E14,0.0,1.93489E14,1.93588E14,1.93686E14,1.93789E14,1.93892E14,1.9399E14,1.94089E14,1.94192E14,1.94291E14,1.9439E14,1.9449E14,1.94589E14,1.94689E14,0.0,1.94888E14,1.94996E14,0.0,0.0,0.0,0.0,0.0,0.0,0.0,0.0,0.0,0.0,0.0,17,0,18,0,21,3,24,1
1.92086E14,1.92292E14,1.92398E14,1.92491E14,1.92592E14,1.92686E14,1.92787E14,1.92897E14,1.92991E14,1.93093E14,1.93195E14,1.93293E14,0.0,1.93489E14,1.93588E14,1.93686E14,1.93789E14,1.93892E14,1.9399E14,1.94089E14,1.94192E14,1.94291E14,1.9439E14,1.9449E14,1.94589E14,1.94689E14,0.0,1.94888E14,1.94996E14,0.0,0.0,0.0,0.0,0.0,0.0,0.0,0.0,0.0,0.0,0.0,17,0,18,0,21,3,20,1
1.92086E14,1.92292E14,1.92398E14,1.92491E14,1.92592E14,1.92686E14,1.92787E14,1.92897E14,1.92991E14,1.93093E14,1.93195E14,1.93293E14,0.0,1.93489E14,1.93588E14,1.93686E14,1.93789E14,1.93892E14,1.9399E14,1.94089E14,1.94192E14,1.94291E14,1.9439E14,1.9449E14,1.94589E14,1.94689E14,0.0,1.94888E14,1.94996E14,0.0,0.0,0.0,0.0,0.0,0.0,0.0,0.0,0.0,0.0,0.0,17,0,18,0,20,2,24,1
1.92086E14,1.92292E14,1.92398E14,1.92491E14,1.92592E14,1.92686E14,1.92787E14,1.92897E14,1.92991E14,1.93093E14,1.93195E14,1.93293E14,0.0,1.93489E14,1.93588E14,1.93686E14,1.93789E14,1.93892E14,1.9399E14,1.94089E14,1.94192E14,1.94291E14,1.9439E14,1.9449E14,1.94589E14,1.94689E14,0.0,1.94888E14,1.94996E14,0.0,0.0,0.0,0.0,0.0,0.0,0.0,0.0,0.0,0.0,0.0,17,0,18,0,20,2,22,1
1.92086E14,1.92292E14,1.92398E14,1.92491E14,1.92592E14,1.92686E14,1.92787E14,1.92897E14,1.92991E14,1.93093E14,1.93195E14,1.93293E14,0.0,1.93489E14,1.93588E14,1.93686E14,1.93789E14,1.93892E14,1.9399E14,1.94089E14,1.94192E14,1.94291E14,1.9439E14,1.9449E14,1.94589E14,1.94689E14,0.0,1.94888E14,1.94996E14,0.0,0.0,0.0,0.0,0.0,0.0,0.0,0.0,0.0,0.0,0.0,17,0,18,0,20,2,20,1
1.92086E14,1.92292E14,1.92398E14,1.92491E14,1.92592E14,1.92686E14,1.92787E14,1.92897E14,1.92991E14,1.93093E14,1.93195E14,1.93293E14,0.0,1.93489E14,1.93588E14,1.93686E14,1.93789E14,1.93892E14,1.9399E14,1.94089E14,1.94192E14,1.94291E14,1.9439E14,1.9449E14,1.94589E14,1.94689E14,0.0,1.94888E14,1.94996E14,0.0,0.0,0.0,0.0,0.0,0.0,0.0,0.0,0.0,0.0,0.0,17,0,18,0,19,1,24,1
1.92086E14,1.92292E14,1.92398E14,1.92491E14,1.92592E14,1.92686E14,1.92787E14,1.92897E14,1.92991E14,1.93093E14,1.93195E14,1.93293E14,0.0,1.93489E14,1.93588E14,1.93686E14,1.93789E14,1.93892E14,1.9399E14,1.94089E14,1.94192E14,1.94291E14,1.9439E14,1.9449E14,1.94589E14,1.94689E14,0.0,1.94888E14,1.94996E14,0.0,0.0,0.0,0.0,0.0,0.0,0.0,0.0,0.0,0.0,0.0,17,0,18,0,19,1,22,1
1.92086E14,1.92292E14,1.92398E14,1.92491E14,1.92592E14,1.92686E14,1.92787E14,1.92897E14,1.92991E14,1.93093E14,1.93195E14,1.93293E14,0.0,1.93489E14,1.93588E14,1.93686E14,1.93789E14,1.93892E14,1.9399E14,1.94089E14,1.94192E14,1.94291E14,1.9439E14,1.9449E14,1.94589E14,1.94689E14,0.0,1.94888E14,1.94996E14,0.0,0.0,0.0,0.0,0.0,0.0,0.0,0.0,0.0,0.0,0.0,17,0,18,0,19,1,20,1
1.92086E14,1.92292E14,1.92398E14,1.92491E14,1.92592E14,1.92686E14,1.92787E14,1.92897E14,1.92991E14,1.93093E14,1.93195E14,1.93293E14,0.0,1.93489E14,1.93588E14,1.93686E14,1.93789E14,1.93892E14,1.9399E14,1.94089E14,1.94192E14,1.94291E14,1.9439E14,1.9449E14,1.94589E14,1.94689E14,0.0,1.94888E14,1.94996E14,0.0,0.0,0.0,0.0,0.0,0.0,0.0,0.0,0.0,0.0,0.0,17,0,18,0,20,3,21,1
1.92086E14,1.92292E14,1.92398E14,1.92491E14,1.92592E14,1.92686E14,1.92787E14,1.92897E14,1.92991E14,1.93093E14,1.93195E14,1.93293E14,0.0,1.93489E14,1.93588E14,1.93686E14,1.93789E14,1.93892E14,1.9399E14,1.94089E14,1.94192E14,1.94291E14,1.9439E14,1.9449E14,1.94589E14,1.94689E14,0.0,1.94888E14,1.94996E14,0.0,0.0,0.0,0.0,0.0,0.0,0.0,0.0,0.0,0.0,0.0,17,0,19,1,18,1,22,1
1.92086E14,1.92292E14,1.92398E14,1.92491E14,1.92592E14,1.92686E14,1.92787E14,1.92897E14,1.92991E14,1.93093E14,1.93195E14,1.93293E14,0.0,1.93489E14,1.93588E14,1.93686E14,1.93789E14,1.93892E14,1.9399E14,1.94089E14,1.94192E14,1.94291E14,1.9439E14,1.9449E14,1.94589E14,1.94689E14,0.0,1.94888E14,1.94996E14,0.0,0.0,0.0,0.0,0.0,0.0,0.0,0.0,0.0,0.0,0.0,17,0,18,1,20,1,24,1
1.92086E14,1.92292E14,1.92398E14,1.92491E14,1.92592E14,1.92686E14,1.92787E14,1.92897E14,1.92991E14,1.93093E14,1.93195E14,1.93293E14,0.0,1.93489E14,1.93588E14,1.93686E14,1.93789E14,1.93892E14,1.9399E14,1.94089E14,1.94192E14,1.94291E14,1.9439E14,1.9449E14,1.94589E14,1.94689E14,0.0,1.94888E14,1.94996E14,0.0,0.0,0.0,0.0,0.0,0.0,0.0,0.0,0.0,0.0,0.0,17,0,18,1,20,1,22,1
1.92086E14,1.92292E14,1.92398E14,1.92491E14,1.92592E14,1.92686E14,1.92787E14,1.92897E14,1.92991E14,1.93093E14,1.93195E14,1.93293E14,0.0,1.93489E14,1.93588E14,1.93686E14,1.93789E14,1.93892E14,1.9399E14,1.94089E14,1.94192E14,1.94291E14,1.9439E14,1.9449E14,1.94589E14,1.94689E14,0.0,1.94888E14,1.94996E14,0.0,0.0,0.0,0.0,0.0,0.0,0.0,0.0,0.0,0.0,0.0,17,0,18,1,20,1,20,1
1.92086E14,1.92292E14,1.92398E14,1.92491E14,1.92592E14,1.92686E14,1.92787E14,1.92897E14,1.92991E14,1.93093E14,1.93195E14,1.93293E14,0.0,1.93489E14,1.93588E14,1.93686E14,1.93789E14,1.93892E14,1.9399E14,1.94089E14,1.94192E14,1.94291E14,1.9439E14,1.9449E14,1.94589E14,1.94689E14,0.0,1.94888E14,1.94996E14,0.0,0.0,0.0,0.0,0.0,0.0,0.0,0.0,0.0,0.0,0.0,17,0,18,1,21,3,22,2
1.92086E14,1.92292E14,1.92398E14,1.92491E14,1.92592E14,1.92686E14,1.92787E14,1.92897E14,1.92991E14,1.93093E14,1.93195E14,1.93293E14,0.0,1.93489E14,1.93588E14,1.93686E14,1.93789E14,1.93892E14,1.9399E14,1.94089E14,1.94192E14,1.94291E14,1.9439E14,1.9449E14,1.94589E14,1.94689E14,0.0,1.94888E14,1.94996E14,0.0,0.0,0.0,0.0,0.0,0.0,0.0,0.0,0.0,0.0,0.0,17,0,18,0,19,2,24,1
1.92086E14,1.92292E14,1.92398E14,1.92491E14,1.92592E14,1.92686E14,1.92787E14,1.92897E14,1.92991E14,1.93093E14,1.93195E14,1.93293E14,0.0,1.93489E14,1.93588E14,1.93686E14,1.93789E14,1.93892E14,1.9399E14,1.94089E14,1.94192E14,1.94291E14,1.9439E14,1.9449E14,1.94589E14,1.94689E14,0.0,1.94888E14,1.94996E14,0.0,0.0,0.0,0.0,0.0,0.0,0.0,0.0,0.0,0.0,0.0,17,0,18,0,19,2,22,1
1.92086E14,1.92292E14,1.92398E14,1.92491E14,1.92592E14,1.92686E14,1.92787E14,1.92897E14,1.92991E14,1.93093E14,1.93195E14,1.93293E14,0.0,1.93489E14,1.93588E14,1.93686E14,1.93789E14,1.93892E14,1.9399E14,1.94089E14,1.94192E14,1.94291E14,1.9439E14,1.9449E14,1.94589E14,1.94689E14,0.0,1.94888E14,1.94996E14,0.0,0.0,0.0,0.0,0.0,0.0,0.0,0.0,0.0,0.0,0.0,17,0,18,0,19,2,21,1
1.92086E14,1.92292E14,1.92398E14,1.92491E14,1.92592E14,1.92686E14,1.92787E14,1.92897E14,1.92991E14,1.93093E14,1.93195E14,1.93293E14,0.0,1.93489E14,1.93588E14,1.93686E14,1.93789E14,1.93892E14,1.9399E14,1.94089E14,1.94192E14,1.94291E14,1.9439E14,1.9449E14,1.94589E14,1.94689E14,0.0,1.94888E14,1.94996E14,0.0,0.0,0.0,0.0,0.0,0.0,0.0,0.0,0.0,0.0,0.0,17,0,18,1,20,2,24,2
1.92086E14,1.92292E14,1.92398E14,1.92491E14,1.92592E14,1.92686E14,1.92787E14,1.92897E14,1.92991E14,1.93093E14,1.93195E14,1.93293E14,0.0,1.93489E14,1.93588E14,1.93686E14,1.93789E14,1.93892E14,1.9399E14,1.94089E14,1.94192E14,1.94291E14,1.9439E14,1.9449E14,1.94589E14,1.94689E14,0.0,1.94888E14,1.94996E14,0.0,0.0,0.0,0.0,0.0,0.0,0.0,0.0,0.0,0.0,0.0,16,0,19,0,20,2,24,1
1.92086E14,1.92292E14,1.92398E14,1.92491E14,1.92592E14,1.92686E14,1.92787E14,1.92897E14,1.92991E14,1.93093E14,1.93195E14,1.93293E14,0.0,1.93489E14,1.93588E14,1.93686E14,1.93789E14,1.93892E14,1.9399E14,1.94089E14,1.94192E14,1.94291E14,1.9439E14,1.9449E14,1.94589E14,1.94689E14,0.0,1.94888E14,1.94996E14,0.0,0.0,0.0,0.0,0.0,0.0,0.0,0.0,0.0,0.0,0.0,16,0,19,0,20,2,22,1
1.92086E14,1.92292E14,1.92398E14,1.92491E14,1.92592E14,1.92686E14,1.92787E14,1.92897E14,1.92991E14,1.93093E14,1.93195E14,1.93293E14,0.0,1.93489E14,1.93588E14,1.93686E14,1.93789E14,1.93892E14,1.9399E14,1.94089E14,1.94192E14,1.94291E14,1.9439E14,1.9449E14,1.94589E14,1.94689E14,0.0,1.94888E14,1.94996E14,0.0,0.0,0.0,0.0,0.0,0.0,0.0,0.0,0.0,0.0,0.0,16,0,19,0,20,2,20,1
1.92086E14,1.92292E14,1.92398E14,1.92491E14,1.92592E14,1.92686E14,1.92787E14,1.92897E14,1.92991E14,1.93093E14,1.93195E14,1.93293E14,0.0,1.93489E14,1.93588E14,1.93686E14,1.93789E14,1.93892E14,1.9399E14,1.94089E14,1.94192E14,1.94291E14,1.9439E14,1.9449E14,1.94589E14,1.94689E14,0.0,1.94888E14,1.94996E14,0.0,0.0,0.0,0.0,0.0,0.0,0.0,0.0,0.0,0.0,0.0,17,0,17,0,21,2,22,1
1.92086E14,1.92292E14,1.92398E14,1.92491E14,1.92592E14,1.92686E14,1.92787E14,1.92897E14,1.92991E14,1.93093E14,1.93195E14,1.93293E14,0.0,1.93489E14,1.93588E14,1.93686E14,1.93789E14,1.93892E14,1.9399E14,1.94089E14,1.94192E14,1.94291E14,1.9439E14,1.9449E14,1.94589E14,1.94689E14,0.0,1.94888E14,1.94996E14,0.0,0.0,0.0,0.0,0.0,0.0,0.0,0.0,0.0,0.0,0.0,17,0,17,0,21,2,20,1
1.92086E14,1.92292E14,1.92398E14,1.92491E14,1.92592E14,1.92686E14,1.92787E14,1.92897E14,1.92991E14,1.93093E14,1.93195E14,1.93293E14,0.0,1.93489E14,1.93588E14,1.93686E14,1.93789E14,1.93892E14,1.9399E14,1.94089E14,1.94192E14,1.94291E14,1.9439E14,1.9449E14,1.94589E14,1.94689E14,0.0,1.94888E14,1.94996E14,0.0,0.0,0.0,0.0,0.0,0.0,0.0,0.0,0.0,0.0,0.0,17,0,18,0,18,1,24,1
1.92086E14,1.92292E14,1.92398E14,1.92491E14,1.92592E14,1.92686E14,1.92787E14,1.92897E14,1.92991E14,1.93093E14,1.93195E14,1.93293E14,0.0,1.93489E14,1.93588E14,1.93686E14,1.93789E14,1.93892E14,1.9399E14,1.94089E14,1.94192E14,1.94291E14,1.9439E14,1.9449E14,1.94589E14,1.94689E14,0.0,1.94888E14,1.94996E14,0.0,0.0,0.0,0.0,0.0,0.0,0.0,0.0,0.0,0.0,0.0,16,0,19,0,19,1,23,1
1.92086E14,1.92292E14,1.92398E14,1.92491E14,1.92592E14,1.92686E14,1.92787E14,1.92897E14,1.92991E14,1.93093E14,1.93195E14,1.93293E14,0.0,1.93489E14,1.93588E14,1.93686E14,1.93789E14,1.93892E14,1.9399E14,1.94089E14,1.94192E14,1.94291E14,1.9439E14,1.9449E14,1.94589E14,1.94689E14,0.0,1.94888E14,1.94996E14,1.95096E14,1.95192E14,1.95292E14,1.95388E14,1.95484E14,1.95584E14,1.95685E14,1.95785E14,1.95886E14,1.95987E14,0.0,17,0,20,2,19,1,24,0
1.92086E14,1.92292E14,1.92398E14,1.92491E14,1.92592E14,1.92686E14,1.92787E14,1.92897E14,1.92991E14,1.93093E14,1.93195E14,1.93293E14,0.0,1.93489E14,1.93588E14,1.93686E14,1.93789E14,1.93892E14,1.9399E14,1.94089E14,1.94192E14,1.94291E14,1.9439E14,1.9449E14,1.94589E14,1.94689E14,0.0,1.94888E14,1.94996E14,1.95096E14,1.95192E14,1.95292E14,1.95388E14,1.95484E14,1.95584E14,1.95685E14,1.95785E14,1.95886E14,1.95987E14,0.0,17,0,19,1,20,2,24,0
1.92086E14,1.92292E14,1.92398E14,1.92491E14,1.92592E14,1.92686E14,1.92787E14,1.92897E14,1.92991E14,1.93093E14,1.93195E14,1.93293E14,0.0,1.93489E14,1.93588E14,1.93686E14,1.93789E14,1.93892E14,1.9399E14,1.94089E14,1.94192E14,1.94291E14,1.9439E14,1.9449E14,1.94589E14,1.94689E14,0.0,1.94888E14,1.94996E14,1.95096E14,1.95192E14,1.95292E14,1.95388E14,1.95484E14,1.95584E14,1.95685E14,1.95785E14,1.95886E14,1.95987E14,0.0,17,0,19,1,20,2,22,0
1.92086E14,1.92292E14,1.92398E14,1.92491E14,1.92592E14,1.92686E14,1.92787E14,1.92897E14,1.92991E14,1.93093E14,1.93195E14,1.93293E14,0.0,1.93489E14,1.93588E14,1.93686E14,1.93789E14,1.93892E14,1.9399E14,1.94089E14,1.94192E14,1.94291E14,1.9439E14,1.9449E14,1.94589E14,1.94689E14,0.0,1.94888E14,1.94996E14,1.95096E14,1.95192E14,1.95292E14,1.95388E14,1.95484E14,1.95584E14,1.95685E14,1.95785E14,1.95886E14,1.95987E14,0.0,17,0,19,1,19,1,24,0
1.92086E14,1.92292E14,1.92398E14,1.92491E14,1.92592E14,1.92686E14,1.92787E14,1.92897E14,1.92991E14,1.93093E14,1.93195E14,1.93293E14,0.0,1.93489E14,1.93588E14,1.93686E14,1.93789E14,1.93892E14,1.9399E14,1.94089E14,1.94192E14,1.94291E14,1.9439E14,1.9449E14,1.94589E14,1.94689E14,0.0,1.94888E14,1.94996E14,1.95096E14,1.95192E14,1.95292E14,1.95388E14,1.95484E14,1.95584E14,1.95685E14,1.95785E14,1.95886E14,1.95987E14,0.0,17,0,19,1,19,1,22,0
1.92086E14,1.92292E14,1.92398E14,1.92491E14,1.92592E14,1.92686E14,1.92787E14,1.92897E14,1.92991E14,1.93093E14,1.93195E14,1.93293E14,0.0,1.93489E14,1.93588E14,1.93686E14,1.93789E14,1.93892E14,1.9399E14,1.94089E14,1.94192E14,1.94291E14,1.9439E14,1.9449E14,1.94589E14,1.94689E14,0.0,1.94888E14,1.94996E14,1.95096E14,1.95192E14,1.95292E14,1.95388E14,1.95484E14,1.95584E14,1.95685E14,1.95785E14,1.95886E14,1.95987E14,0.0,17,0,19,1,19,1,20,0
1.92086E14,1.92292E14,1.92398E14,1.92491E14,1.92592E14,1.92686E14,1.92787E14,1.92897E14,1.92991E14,1.93093E14,1.93195E14,1.93293E14,0.0,1.93489E14,1.93588E14,1.93686E14,1.93789E14,1.93892E14,1.9399E14,1.94089E14,1.94192E14,1.94291E14,1.9439E14,1.9449E14,1.94589E14,1.94689E14,0.0,1.94888E14,1.94996E14,1.95096E14,1.95192E14,1.95292E14,1.95388E14,1.95484E14,1.95584E14,1.95685E14,1.95785E14,1.95886E14,1.95987E14,0.0,17,0,19,1,19,1,19,0
1.92086E14,1.92292E14,1.92398E14,1.92491E14,1.92592E14,1.92686E14,1.92787E14,1.92897E14,1.92991E14,1.93093E14,1.93195E14,1.93293E14,0.0,1.93489E14,1.93588E14,1.93686E14,1.93789E14,1.93892E14,1.9399E14,1.94089E14,1.94192E14,1.94291E14,1.9439E14,1.9449E14,1.94589E14,1.94689E14,0.0,1.94888E14,1.94996E14,1.95096E14,1.95192E14,1.95292E14,1.95388E14,1.95484E14,1.95584E14,1.95685E14,1.95785E14,1.95886E14,1.95987E14,0.0,17,0,19,1,18,0,24,0
1.92086E14,1.92292E14,1.92398E14,1.92491E14,1.92592E14,1.92686E14,1.92787E14,1.92897E14,1.92991E14,1.93093E14,1.93195E14,1.93293E14,0.0,1.93489E14,1.93588E14,1.93686E14,1.93789E14,1.93892E14,1.9399E14,1.94089E14,1.94192E14,1.94291E14,1.9439E14,1.9449E14,1.94589E14,1.94689E14,0.0,1.94888E14,1.94996E14,1.95096E14,1.95192E14,1.95292E14,1.95388E14,1.95484E14,1.95584E14,1.95685E14,1.95785E14,1.95886E14,1.95987E14,0.0,17,0,19,1,18,0,22,0
1.92086E14,1.92292E14,1.92398E14,1.92491E14,1.92592E14,1.92686E14,1.92787E14,1.92897E14,1.92991E14,1.93093E14,1.93195E14,1.93293E14,0.0,1.93489E14,1.93588E14,1.93686E14,1.93789E14,1.93892E14,1.9399E14,1.94089E14,1.94192E14,1.94291E14,1.9439E14,1.9449E14,1.94589E14,1.94689E14,0.0,1.94888E14,1.94996E14,1.95096E14,1.95192E14,1.95292E14,1.95388E14,1.95484E14,1.95584E14,1.95685E14,1.95785E14,1.95886E14,1.95987E14,0.0,17,0,18,0,20,2,24,0
1.92086E14,1.92292E14,1.92398E14,1.92491E14,1.92592E14,1.92686E14,1.92787E14,1.92897E14,1.92991E14,1.93093E14,1.93195E14,1.93293E14,0.0,1.93489E14,1.93588E14,1.93686E14,1.93789E14,1.93892E14,1.9399E14,1.94089E14,1.94192E14,1.94291E14,1.9439E14,1.9449E14,1.94589E14,1.94689E14,0.0,1.94888E14,1.94996E14,1.95096E14,1.95192E14,1.95292E14,1.95388E14,1.95484E14,1.95584E14,1.95685E14,1.95785E14,1.95886E14,1.95987E14,0.0,17,0,18,0,20,2,22,0
1.92086E14,1.92292E14,1.92398E14,1.92491E14,1.92592E14,1.92686E14,1.92787E14,1.92897E14,1.92991E14,1.93093E14,1.93195E14,1.93293E14,0.0,1.93489E14,1.93588E14,1.93686E14,1.93789E14,1.93892E14,1.9399E14,1.94089E14,1.94192E14,1.94291E14,1.9439E14,1.9449E14,1.94589E14,1.94689E14,0.0,1.94888E14,1.94996E14,1.95096E14,1.95192E14,1.95292E14,1.95388E14,1.95484E14,1.95584E14,1.95685E14,1.95785E14,1.95886E14,1.95987E14,0.0,17,0,18,0,19,1,24,1
1.92086E14,1.92292E14,1.92398E14,1.92491E14,1.92592E14,1.92686E14,1.92787E14,1.92897E14,1.92991E14,1.93093E14,1.93195E14,1.93293E14,0.0,1.93489E14,1.93588E14,1.93686E14,1.93789E14,1.93892E14,1.9399E14,1.94089E14,1.94192E14,1.94291E14,1.9439E14,1.9449E14,1.94589E14,1.94689E14,0.0,1.94888E14,1.94996E14,1.95096E14,1.95192E14,1.95292E14,1.95388E14,1.95484E14,1.95584E14,1.95685E14,1.95785E14,1.95886E14,1.95987E14,0.0,17,0,18,0,19,1,22,0
1.92086E14,1.92292E14,1.92398E14,1.92491E14,1.92592E14,1.92686E14,1.92787E14,1.92897E14,1.92991E14,1.93093E14,1.93195E14,1.93293E14,0.0,1.93489E14,1.93588E14,1.93686E14,1.93789E14,1.93892E14,1.9399E14,1.94089E14,1.94192E14,1.94291E14,1.9439E14,1.9449E14,1.94589E14,1.94689E14,0.0,1.94888E14,1.94996E14,1.95096E14,1.95192E14,1.95292E14,1.95388E14,1.95484E14,1.95584E14,1.95685E14,1.95785E14,1.95886E14,1.95987E14,0.0,17,0,18,0,19,1,21,0
1.92086E14,1.92292E14,1.92398E14,1.92491E14,1.92592E14,1.92686E14,1.92787E14,1.92897E14,1.92991E14,1.93093E14,1.93195E14,1.93293E14,0.0,1.93489E14,1.93588E14,1.93686E14,1.93789E14,1.93892E14,1.9399E14,1.94089E14,1.94192E14,1.94291E14,1.9439E14,1.9449E14,1.94589E14,1.94689E14,0.0,1.94888E14,1.94996E14,1.95096E14,1.95192E14,1.95292E14,1.95388E14,1.95484E14,1.95584E14,1.95685E14,1.95785E14,1.95886E14,1.95987E14,0.0,17,0,18,0,19,1,20,0
1.92086E14,1.92292E14,1.92398E14,1.92491E14,1.92592E14,1.92686E14,1.92787E14,1.92897E14,1.92991E14,1.93093E14,1.93195E14,1.93293E14,0.0,1.93489E14,1.93588E14,1.93686E14,1.93789E14,1.93892E14,1.9399E14,1.94089E14,1.94192E14,1.94291E14,1.9439E14,1.9449E14,1.94589E14,1.94689E14,0.0,1.94888E14,1.94996E14,1.95096E14,1.95192E14,1.95292E14,1.95388E14,1.95484E14,1.95584E14,1.95685E14,1.95785E14,1.95886E14,1.95987E14,0.0,17,0,18,0,19,1,19,0
1.92086E14,1.92292E14,1.92398E14,1.92491E14,1.92592E14,1.92686E14,1.92787E14,1.92897E14,1.92991E14,1.93093E14,1.93195E14,1.93293E14,0.0,1.93489E14,1.93588E14,1.93686E14,1.93789E14,1.93892E14,1.9399E14,1.94089E14,1.94192E14,1.94291E14,1.9439E14,1.9449E14,1.94589E14,1.94689E14,0.0,1.94888E14,1.94996E14,1.95096E14,1.95192E14,1.95292E14,1.95388E14,1.95484E14,1.95584E14,1.95685E14,1.95785E14,1.95886E14,1.95987E14,0.0,17,0,18,0,18,0,24,0
1.92086E14,1.92292E14,1.92398E14,1.92491E14,1.92592E14,1.92686E14,1.92787E14,1.92897E14,1.92991E14,1.93093E14,1.93195E14,1.93293E14,0.0,1.93489E14,1.93588E14,1.93686E14,1.93789E14,1.93892E14,1.9399E14,1.94089E14,1.94192E14,1.94291E14,1.9439E14,1.9449E14,1.94589E14,1.94689E14,0.0,1.94888E14,1.94996E14,1.95096E14,1.95192E14,1.95292E14,1.95388E14,1.95484E14,1.95584E14,1.95685E14,1.95785E14,1.95886E14,1.95987E14,0.0,17,0,18,0,18,0,23,0
1.92086E14,1.92292E14,1.92398E14,1.92491E14,1.92592E14,1.92686E14,1.92787E14,1.92897E14,1.92991E14,1.93093E14,1.93195E14,1.93293E14,0.0,1.93489E14,1.93588E14,1.93686E14,1.93789E14,1.93892E14,1.9399E14,1.94089E14,1.94192E14,1.94291E14,1.9439E14,1.9449E14,1.94589E14,1.94689E14,0.0,1.94888E14,1.94996E14,1.95096E14,1.95192E14,1.95292E14,1.95388E14,1.95484E14,1.95584E14,1.95685E14,1.95785E14,1.95886E14,1.95987E14,0.0,17,0,18,0,18,0,22,0
1.92086E14,1.92292E14,1.92398E14,1.92491E14,1.92592E14,1.92686E14,1.92787E14,1.92897E14,1.92991E14,1.93093E14,1.93195E14,1.93293E14,0.0,1.93489E14,1.93588E14,1.93686E14,1.93789E14,1.93892E14,1.9399E14,1.94089E14,1.94192E14,1.94291E14,1.9439E14,1.9449E14,1.94589E14,1.94689E14,0.0,1.94888E14,1.94996E14,1.95096E14,1.95192E14,1.95292E14,1.95388E14,1.95484E14,1.95584E14,1.95685E14,1.95785E14,1.95886E14,1.95987E14,0.0,17,0,18,0,18,0,21,0
1.92086E14,1.92292E14,1.92398E14,1.92491E14,1.92592E14,1.92686E14,1.92787E14,1.92897E14,1.92991E14,1.93093E14,1.93195E14,1.93293E14,0.0,1.93489E14,1.93588E14,1.93686E14,1.93789E14,1.93892E14,1.9399E14,1.94089E14,1.94192E14,1.94291E14,1.9439E14,1.9449E14,1.94589E14,1.94689E14,0.0,1.94888E14,1.94996E14,1.95096E14,1.95192E14,1.95292E14,1.95388E14,1.95484E14,1.95584E14,1.95685E14,1.95785E14,1.95886E14,1.95987E14,0.0,17,0,18,0,18,0,20,0
1.92086E14,1.92292E14,1.92398E14,1.92491E14,1.92592E14,1.92686E14,1.92787E14,1.92897E14,1.92991E14,1.93093E14,1.93195E14,1.93293E14,0.0,1.93489E14,1.93588E14,1.93686E14,1.93789E14,1.93892E14,1.9399E14,1.94089E14,1.94192E14,1.94291E14,1.9439E14,1.9449E14,1.94589E14,1.94689E14,0.0,1.94888E14,1.94996E14,1.95096E14,1.95192E14,1.95292E14,1.95388E14,1.95484E14,1.95584E14,1.95685E14,1.95785E14,1.95886E14,1.95987E14,0.0,17,0,18,0,18,0,19,0
1.92086E14,1.92292E14,1.92398E14,1.92491E14,1.92592E14,1.92686E14,1.92787E14,1.92897E14,1.92991E14,1.93093E14,1.93195E14,1.93293E14,0.0,1.93489E14,1.93588E14,1.93686E14,1.93789E14,1.93892E14,1.9399E14,1.94089E14,1.94192E14,1.94291E14,1.9439E14,1.9449E14,1.94589E14,1.94689E14,0.0,1.94888E14,1.94996E14,1.95096E14,1.95192E14,1.95292E14,1.95388E14,1.95484E14,1.95584E14,1.95685E14,1.95785E14,1.95886E14,1.95987E14,0.0,17,0,18,1,19,0,21,0
1.92086E14,1.92292E14,1.92398E14,1.92491E14,1.92592E14,1.92686E14,1.92787E14,1.92897E14,1.92991E14,1.93093E14,1.93195E14,1.93293E14,0.0,1.93489E14,1.93588E14,1.93686E14,1.93789E14,1.93892E14,1.9399E14,1.94089E14,1.94192E14,1.94291E14,1.9439E14,1.9449E14,1.94589E14,1.94689E14,0.0,1.94888E14,1.94996E14,1.95096E14,1.95192E14,1.95292E14,1.95388E14,1.95484E14,1.95584E14,1.95685E14,1.95785E14,1.95886E14,1.95987E14,0.0,17,0,18,1,19,0,20,0
1.92086E14,1.92292E14,1.92398E14,1.92491E14,1.92592E14,1.92686E14,1.92787E14,1.92897E14,1.92991E14,1.93093E14,1.93195E14,1.93293E14,0.0,1.93489E14,1.93588E14,1.93686E14,1.93789E14,1.93892E14,1.9399E14,1.94089E14,1.94192E14,1.94291E14,1.9439E14,1.9449E14,1.94589E14,1.94689E14,0.0,1.94888E14,1.94996E14,1.95096E14,1.95192E14,1.95292E14,1.95388E14,1.95484E14,1.95584E14,1.95685E14,1.95785E14,1.95886E14,1.95987E14,0.0,17,0,18,1,19,0,19,0
1.92086E14,1.92292E14,1.92398E14,1.92491E14,1.92592E14,1.92686E14,1.92787E14,1.92897E14,1.92991E14,1.93093E14,1.93195E14,1.93293E14,0.0,1.93489E14,1.93588E14,1.93686E14,1.93789E14,1.93892E14,1.9399E14,1.94089E14,1.94192E14,1.94291E14,1.9439E14,1.9449E14,1.94589E14,1.94689E14,0.0,1.94888E14,1.94996E14,1.95096E14,1.95192E14,1.95292E14,1.95388E14,1.95484E14,1.95584E14,1.95685E14,1.95785E14,1.95886E14,1.95987E14,0.0,16,0,20,1,18,0,22,0
1.92086E14,1.92292E14,1.92398E14,1.92491E14,1.92592E14,1.92686E14,1.92787E14,1.92897E14,1.92991E14,1.93093E14,1.93195E14,1.93293E14,0.0,1.93489E14,1.93588E14,1.93686E14,1.93789E14,1.93892E14,1.9399E14,1.94089E14,1.94192E14,1.94291E14,1.9439E14,1.9449E14,1.94589E14,1.94689E14,0.0,1.94888E14,1.94996E14,1.95096E14,1.95192E14,1.95292E14,1.95388E14,1.95484E14,1.95584E14,1.95685E14,1.95785E14,1.95886E14,1.95987E14,0.0,16,0,19,0,20,2,21,0
1.92086E14,1.92292E14,1.92398E14,1.92491E14,1.92592E14,1.92686E14,1.92787E14,1.92897E14,1.92991E14,1.93093E14,1.93195E14,1.93293E14,0.0,1.93489E14,1.93588E14,1.93686E14,1.93789E14,1.93892E14,1.9399E14,1.94089E14,1.94192E14,1.94291E14,1.9439E14,1.9449E14,1.94589E14,1.94689E14,0.0,1.94888E14,1.94996E14,1.95096E14,1.95192E14,1.95292E14,1.95388E14,1.95484E14,1.95584E14,1.95685E14,1.95785E14,1.95886E14,1.95987E14,0.0,16,0,20,1,18,0,20,0
1.92086E14,1.92292E14,1.92398E14,1.92491E14,1.92592E14,1.92686E14,1.92787E14,1.92897E14,1.92991E14,1.93093E14,1.93195E14,1.93293E14,0.0,1.93489E14,1.93588E14,1.93686E14,1.93789E14,1.93892E14,1.9399E14,1.94089E14,1.94192E14,1.94291E14,1.9439E14,1.9449E14,1.94589E14,1.94689E14,0.0,1.94888E14,1.94996E14,1.95096E14,1.95192E14,1.95292E14,1.95388E14,1.95484E14,1.95584E14,1.95685E14,1.95785E14,1.95886E14,1.95987E14,0.0,16,0,20,1,18,0,19,0
1.92086E14,1.92292E14,1.92398E14,1.92491E14,1.92592E14,1.92686E14,1.92787E14,1.92897E14,1.92991E14,1.93093E14,1.93195E14,1.93293E14,0.0,1.93489E14,1.93588E14,1.93686E14,1.93789E14,1.93892E14,1.9399E14,1.94089E14,1.94192E14,1.94291E14,1.9439E14,1.9449E14,1.94589E14,1.94689E14,0.0,1.94888E14,1.94996E14,1.95096E14,1.95192E14,1.95292E14,1.95388E14,1.95484E14,1.95584E14,1.95685E14,1.95785E14,1.95886E14,1.95987E14,0.0,17,0,18,0,18,1,24,0
