1.921E14,1.922E14,0.0,0.0,0.0,0.0,0.0,0.0,0.0,0.0,0.0,0.0,0.0,0.0,0.0,0.0,0.0,0.0,0.0,0.0,0.0,0.0,0.0,0.0,0.0,0.0,0.0,0.0,0.0,0.0,0.0,0.0,0.0,0.0,0.0,0.0,0.0,0.0,0.0,0.0,15,5,24,1,23,2,16,1,17,1,19,2,24,0
1.921E14,1.922E14,1.923E14,0.0,0.0,0.0,0.0,0.0,0.0,0.0,0.0,0.0,0.0,0.0,0.0,0.0,0.0,0.0,0.0,0.0,0.0,0.0,0.0,0.0,0.0,0.0,0.0,0.0,0.0,0.0,0.0,0.0,0.0,0.0,0.0,0.0,0.0,0.0,0.0,0.0,22,6,23,7,21,0,21,6,23,8,19,0,24,0
1.921E14,1.922E14,1.923E14,1.924E14,0.0,0.0,0.0,0.0,0.0,0.0,0.0,0.0,0.0,0.0,0.0,0.0,0.0,0.0,0.0,0.0,0.0,0.0,0.0,0.0,0.0,0.0,0.0,0.0,0.0,0.0,0.0,0.0,0.0,0.0,0.0,0.0,0.0,0.0,0.0,0.0,23,6,22,0,24,10,15,0,21,1,15,1,24,0
1.921E14,1.922E14,1.923E14,1.924E14,0.0,0.0,0.0,0.0,0.0,0.0,0.0,0.0,0.0,0.0,0.0,0.0,0.0,0.0,0.0,0.0,0.0,0.0,0.0,0.0,0.0,0.0,0.0,0.0,0.0,0.0,0.0,0.0,0.0,0.0,0.0,0.0,0.0,0.0,0.0,0.0,23,6,23,1,24,9,15,0,20,1,15,1,24,0
1.921E14,1.922E14,1.923E14,1.924E14,0.0,0.0,0.0,0.0,0.0,0.0,0.0,0.0,0.0,0.0,0.0,0.0,0.0,0.0,0.0,0.0,0.0,0.0,0.0,0.0,0.0,0.0,0.0,0.0,0.0,0.0,0.0,0.0,0.0,0.0,0.0,0.0,0.0,0.0,0.0,0.0,23,6,22,0,24,10,15,0,22,1,14,1,24,0
1.921E14,1.922E14,1.923E14,1.924E14,0.0,0.0,0.0,0.0,0.0,0.0,0.0,0.0,0.0,0.0,0.0,0.0,0.0,0.0,0.0,0.0,0.0,0.0,0.0,0.0,0.0,0.0,0.0,0.0,0.0,0.0,0.0,0.0,0.0,0.0,0.0,0.0,0.0,0.0,0.0,0.0,23,6,22,1,24,8,15,1,22,1,14,1,24,0
1.921E14,1.922E14,1.923E14,1.924E14,0.0,0.0,0.0,0.0,0.0,0.0,0.0,0.0,0.0,0.0,0.0,0.0,0.0,0.0,0.0,0.0,0.0,0.0,0.0,0.0,0.0,0.0,0.0,0.0,0.0,0.0,0.0,0.0,0.0,0.0,0.0,0.0,0.0,0.0,0.0,0.0,22,5,23,0,17,9,22,1,21,1,18,5,24,0
1.921E14,1.922E14,1.923E14,1.924E14,0.0,0.0,0.0,0.0,0.0,0.0,0.0,0.0,0.0,0.0,0.0,0.0,0.0,0.0,0.0,0.0,0.0,0.0,0.0,0.0,0.0,0.0,0.0,0.0,0.0,0.0,0.0,0.0,0.0,0.0,0.0,0.0,0.0,0.0,0.0,0.0,23,5,23,1,24,9,15,0,18,1,21,6,24,0
1.921E14,1.922E14,1.923E14,1.924E14,0.0,0.0,0.0,0.0,0.0,0.0,0.0,0.0,0.0,0.0,0.0,0.0,0.0,0.0,0.0,0.0,0.0,0.0,0.0,0.0,0.0,0.0,0.0,0.0,0.0,0.0,0.0,0.0,0.0,0.0,0.0,0.0,0.0,0.0,0.0,0.0,23,4,23,1,24,10,18,0,15,1,21,6,24,0
1.921E14,1.922E14,1.923E14,1.924E14,0.0,0.0,0.0,0.0,0.0,0.0,0.0,0.0,0.0,0.0,0.0,0.0,0.0,0.0,0.0,0.0,0.0,0.0,0.0,0.0,0.0,0.0,0.0,0.0,0.0,0.0,0.0,0.0,0.0,0.0,0.0,0.0,0.0,0.0,0.0,0.0,23,6,23,0,24,10,15,0,18,1,22,6,24,0
1.921E14,1.922E14,1.923E14,1.924E14,0.0,0.0,0.0,0.0,0.0,0.0,0.0,0.0,0.0,0.0,0.0,0.0,0.0,0.0,0.0,0.0,0.0,0.0,0.0,0.0,0.0,0.0,0.0,0.0,0.0,0.0,0.0,0.0,0.0,0.0,0.0,0.0,0.0,0.0,0.0,0.0,23,5,23,6,24,9,21,3,15,1,22,2,24,0
1.921E14,1.922E14,1.923E14,1.924E14,0.0,0.0,0.0,0.0,0.0,0.0,0.0,0.0,0.0,0.0,0.0,0.0,0.0,0.0,0.0,0.0,0.0,0.0,0.0,0.0,0.0,0.0,0.0,0.0,0.0,0.0,0.0,0.0,0.0,0.0,0.0,0.0,0.0,0.0,0.0,0.0,23,10,23,1,24,5,20,3,15,1,22,5,24,0
1.921E14,1.922E14,1.923E14,1.924E14,0.0,0.0,0.0,0.0,0.0,0.0,0.0,0.0,0.0,0.0,0.0,0.0,0.0,0.0,0.0,0.0,0.0,0.0,0.0,0.0,0.0,0.0,0.0,0.0,0.0,0.0,0.0,0.0,0.0,0.0,0.0,0.0,0.0,0.0,0.0,0.0,23,6,22,1,16,8,24,0,21,5,21,5,24,0
1.921E14,1.922E14,1.923E14,1.924E14,0.0,0.0,0.0,0.0,0.0,0.0,0.0,0.0,0.0,0.0,0.0,0.0,0.0,0.0,0.0,0.0,0.0,0.0,0.0,0.0,0.0,0.0,0.0,0.0,0.0,0.0,0.0,0.0,0.0,0.0,0.0,0.0,0.0,0.0,0.0,0.0,23,5,23,1,17,9,23,3,21,6,21,2,24,0
1.921E14,1.922E14,1.923E14,1.924E14,0.0,0.0,0.0,0.0,0.0,0.0,0.0,0.0,0.0,0.0,0.0,0.0,0.0,0.0,0.0,0.0,0.0,0.0,0.0,0.0,0.0,0.0,0.0,0.0,0.0,0.0,0.0,0.0,0.0,0.0,0.0,0.0,0.0,0.0,0.0,0.0,23,5,23,6,24,6,21,3,15,1,22,5,24,0
1.921E14,1.922E14,1.923E14,1.924E14,0.0,0.0,0.0,0.0,0.0,0.0,0.0,0.0,0.0,0.0,0.0,0.0,0.0,0.0,0.0,0.0,0.0,0.0,0.0,0.0,0.0,0.0,0.0,0.0,0.0,0.0,0.0,0.0,0.0,0.0,0.0,0.0,0.0,0.0,0.0,0.0,23,1,23,1,17,10,23,4,21,9,21,1,24,0
1.921E14,1.922E14,1.923E14,1.924E14,0.0,0.0,0.0,0.0,0.0,0.0,0.0,0.0,0.0,0.0,0.0,0.0,0.0,0.0,0.0,0.0,0.0,0.0,0.0,0.0,0.0,0.0,0.0,0.0,0.0,0.0,0.0,0.0,0.0,0.0,0.0,0.0,0.0,0.0,0.0,0.0,23,1,23,1,24,9,15,8,23,6,21,2,24,0
1.921E14,1.922E14,1.923E14,1.924E14,0.0,0.0,0.0,0.0,0.0,0.0,0.0,0.0,0.0,0.0,0.0,0.0,0.0,0.0,0.0,0.0,0.0,0.0,0.0,0.0,0.0,0.0,0.0,0.0,0.0,0.0,0.0,0.0,0.0,0.0,0.0,0.0,0.0,0.0,0.0,0.0,23,6,22,1,24,11,19,7,21,1,21,2,24,0
1.921E14,1.922E14,1.923E14,1.924E14,0.0,0.0,0.0,0.0,0.0,0.0,0.0,0.0,0.0,0.0,0.0,0.0,0.0,0.0,0.0,0.0,0.0,0.0,0.0,0.0,0.0,0.0,0.0,0.0,0.0,0.0,0.0,0.0,0.0,0.0,0.0,0.0,0.0,0.0,0.0,0.0,23,10,18,0,24,9,23,7,22,1,21,2,24,0
1.921E14,1.922E14,1.923E14,1.924E14,0.0,0.0,0.0,0.0,0.0,0.0,0.0,0.0,0.0,0.0,0.0,0.0,0.0,0.0,0.0,0.0,0.0,0.0,0.0,0.0,0.0,0.0,0.0,0.0,0.0,0.0,0.0,0.0,0.0,0.0,0.0,0.0,0.0,0.0,0.0,0.0,23,7,22,0,24,5,19,0,21,14,20,1,24,0
1.921E14,1.922E14,1.923E14,1.924E14,0.0,0.0,0.0,0.0,0.0,0.0,0.0,0.0,0.0,0.0,0.0,0.0,0.0,0.0,0.0,0.0,0.0,0.0,0.0,0.0,0.0,0.0,0.0,0.0,0.0,0.0,0.0,0.0,0.0,0.0,0.0,0.0,0.0,0.0,0.0,0.0,23,9,22,1,24,5,20,11,21,1,21,2,24,0
1.921E14,1.922E14,1.923E14,1.924E14,0.0,0.0,0.0,0.0,0.0,0.0,0.0,0.0,0.0,0.0,0.0,0.0,0.0,0.0,0.0,0.0,0.0,0.0,0.0,0.0,0.0,0.0,0.0,0.0,0.0,0.0,0.0,0.0,0.0,0.0,0.0,0.0,0.0,0.0,0.0,0.0,23,11,23,2,24,10,18,0,22,5,21,1,24,0
1.921E14,1.922E14,1.923E14,1.924E14,1.925E14,0.0,0.0,0.0,0.0,0.0,0.0,0.0,0.0,0.0,0.0,0.0,0.0,0.0,0.0,0.0,0.0,0.0,0.0,0.0,0.0,0.0,0.0,0.0,0.0,0.0,0.0,0.0,0.0,0.0,0.0,0.0,0.0,0.0,0.0,0.0,21,1,24,0,15,5,18,1,23,4,20,8,24,0
1.921E14,1.922E14,1.923E14,1.924E14,1.925E14,0.0,0.0,0.0,0.0,0.0,0.0,0.0,0.0,0.0,0.0,0.0,0.0,0.0,0.0,0.0,0.0,0.0,0.0,0.0,0.0,0.0,0.0,0.0,0.0,0.0,0.0,0.0,0.0,0.0,0.0,0.0,0.0,0.0,0.0,0.0,20,1,19,1,24,6,23,1,16,7,20,4,24,0
1.921E14,1.922E14,1.923E14,1.924E14,1.925E14,0.0,0.0,0.0,0.0,0.0,0.0,0.0,0.0,0.0,0.0,0.0,0.0,0.0,0.0,0.0,0.0,0.0,0.0,0.0,0.0,0.0,0.0,0.0,0.0,0.0,0.0,0.0,0.0,0.0,0.0,0.0,0.0,0.0,0.0,0.0,19,10,24,1,24,5,15,0,23,4,20,3,24,0
1.921E14,1.922E14,1.923E14,1.924E14,1.925E14,0.0,0.0,0.0,0.0,0.0,0.0,0.0,0.0,0.0,0.0,0.0,0.0,0.0,0.0,0.0,0.0,0.0,0.0,0.0,0.0,0.0,0.0,0.0,0.0,0.0,0.0,0.0,0.0,0.0,0.0,0.0,0.0,0.0,0.0,0.0,20,10,24,1,24,5,15,0,22,4,20,3,24,0
1.921E14,1.922E14,1.923E14,1.924E14,1.925E14,0.0,0.0,0.0,0.0,0.0,0.0,0.0,0.0,0.0,0.0,0.0,0.0,0.0,0.0,0.0,0.0,0.0,0.0,0.0,0.0,0.0,0.0,0.0,0.0,0.0,0.0,0.0,0.0,0.0,0.0,0.0,0.0,0.0,0.0,0.0,20,1,23,6,23,5,15,0,23,7,20,3,24,0
1.921E14,1.922E14,1.923E14,1.924E14,1.925E14,0.0,0.0,0.0,0.0,0.0,0.0,0.0,0.0,0.0,0.0,0.0,0.0,0.0,0.0,0.0,0.0,0.0,0.0,0.0,0.0,0.0,0.0,0.0,0.0,0.0,0.0,0.0,0.0,0.0,0.0,0.0,0.0,0.0,0.0,0.0,20,1,23,6,24,5,15,0,22,7,20,3,24,0
1.921E14,1.922E14,1.923E14,1.924E14,1.925E14,0.0,0.0,0.0,0.0,0.0,0.0,0.0,0.0,0.0,0.0,0.0,0.0,0.0,0.0,0.0,0.0,0.0,0.0,0.0,0.0,0.0,0.0,0.0,0.0,0.0,0.0,0.0,0.0,0.0,0.0,0.0,0.0,0.0,0.0,0.0,19,1,23,1,24,10,15,0,23,7,20,3,24,0
1.921E14,1.922E14,1.923E14,1.924E14,1.925E14,0.0,0.0,0.0,0.0,0.0,0.0,0.0,0.0,0.0,0.0,0.0,0.0,0.0,0.0,0.0,0.0,0.0,0.0,0.0,0.0,0.0,0.0,0.0,0.0,0.0,0.0,0.0,0.0,0.0,0.0,0.0,0.0,0.0,0.0,0.0,19,10,24,0,24,4,20,0,17,7,21,2,24,0
1.921E14,1.922E14,1.923E14,1.924E14,1.925E14,0.0,0.0,0.0,0.0,0.0,0.0,0.0,0.0,0.0,0.0,0.0,0.0,0.0,0.0,0.0,0.0,0.0,0.0,0.0,0.0,0.0,0.0,0.0,0.0,0.0,0.0,0.0,0.0,0.0,0.0,0.0,0.0,0.0,0.0,0.0,20,1,24,6,24,5,18,1,18,7,20,2,24,0
1.921E14,1.922E14,1.923E14,1.924E14,1.925E14,0.0,0.0,0.0,0.0,0.0,0.0,0.0,0.0,0.0,0.0,0.0,0.0,0.0,0.0,0.0,0.0,0.0,0.0,0.0,0.0,0.0,0.0,0.0,0.0,0.0,0.0,0.0,0.0,0.0,0.0,0.0,0.0,0.0,0.0,0.0,19,2,19,6,24,5,23,0,19,7,21,3,24,0
1.921E14,1.922E14,1.923E14,1.924E14,1.925E14,0.0,0.0,0.0,0.0,0.0,0.0,0.0,0.0,0.0,0.0,0.0,0.0,0.0,0.0,0.0,0.0,0.0,0.0,0.0,0.0,0.0,0.0,0.0,0.0,0.0,0.0,0.0,0.0,0.0,0.0,0.0,0.0,0.0,0.0,0.0,20,10,23,1,24,4,15,1,24,7,21,2,24,0
1.921E14,1.922E14,1.923E14,1.924E14,1.925E14,0.0,0.0,0.0,0.0,0.0,0.0,0.0,0.0,0.0,0.0,0.0,0.0,0.0,0.0,0.0,0.0,0.0,0.0,0.0,0.0,0.0,0.0,0.0,0.0,0.0,0.0,0.0,0.0,0.0,0.0,0.0,0.0,0.0,0.0,0.0,20,1,19,6,24,5,23,1,19,7,20,3,24,0
1.921E14,1.922E14,1.923E14,1.924E14,1.925E14,0.0,0.0,0.0,0.0,0.0,0.0,0.0,0.0,0.0,0.0,0.0,0.0,0.0,0.0,0.0,0.0,0.0,0.0,0.0,0.0,0.0,0.0,0.0,0.0,0.0,0.0,0.0,0.0,0.0,0.0,0.0,0.0,0.0,0.0,0.0,21,1,19,6,24,5,23,1,18,7,20,3,24,0
1.921E14,1.922E14,1.923E14,1.924E14,1.925E14,0.0,0.0,0.0,0.0,0.0,0.0,0.0,0.0,0.0,0.0,0.0,0.0,0.0,0.0,0.0,0.0,0.0,0.0,0.0,0.0,0.0,0.0,0.0,0.0,0.0,0.0,0.0,0.0,0.0,0.0,0.0,0.0,0.0,0.0,0.0,19,10,24,1,24,4,15,0,24,7,21,3,24,0
1.921E14,1.922E14,1.923E14,1.924E14,1.925E14,0.0,0.0,0.0,0.0,0.0,0.0,0.0,0.0,0.0,0.0,0.0,0.0,0.0,0.0,0.0,0.0,0.0,0.0,0.0,0.0,0.0,0.0,0.0,0.0,0.0,0.0,0.0,0.0,0.0,0.0,0.0,0.0,0.0,0.0,0.0,20,2,19,7,24,5,23,0,19,7,21,3,24,0
1.921E14,1.922E14,1.923E14,1.924E14,1.925E14,0.0,0.0,0.0,0.0,0.0,0.0,0.0,0.0,0.0,0.0,0.0,0.0,0.0,0.0,0.0,0.0,0.0,0.0,0.0,0.0,0.0,0.0,0.0,0.0,0.0,0.0,0.0,0.0,0.0,0.0,0.0,0.0,0.0,0.0,0.0,21,2,19,7,24,5,23,0,18,7,21,3,24,0
1.921E14,1.922E14,1.923E14,1.924E14,1.925E14,0.0,0.0,0.0,0.0,0.0,0.0,0.0,0.0,0.0,0.0,0.0,0.0,0.0,0.0,0.0,0.0,0.0,0.0,0.0,0.0,0.0,0.0,0.0,0.0,0.0,0.0,0.0,0.0,0.0,0.0,0.0,0.0,0.0,0.0,0.0,21,10,24,1,24,5,15,2,23,4,20,3,24,0
1.921E14,1.922E14,1.923E14,1.924E14,1.925E14,0.0,0.0,0.0,0.0,0.0,0.0,0.0,0.0,0.0,0.0,0.0,0.0,0.0,0.0,0.0,0.0,0.0,0.0,0.0,0.0,0.0,0.0,0.0,0.0,0.0,0.0,0.0,0.0,0.0,0.0,0.0,0.0,0.0,0.0,0.0,19,9,20,1,24,5,20,0,24,7,20,3,24,0
1.921E14,1.922E14,1.923E14,1.924E14,1.925E14,0.0,0.0,0.0,0.0,0.0,0.0,0.0,0.0,0.0,0.0,0.0,0.0,0.0,0.0,0.0,0.0,0.0,0.0,0.0,0.0,0.0,0.0,0.0,0.0,0.0,0.0,0.0,0.0,0.0,0.0,0.0,0.0,0.0,0.0,0.0,20,9,20,1,24,5,20,0,23,7,20,3,24,0
1.921E14,1.922E14,1.923E14,1.924E14,1.925E14,0.0,0.0,0.0,0.0,0.0,0.0,0.0,0.0,0.0,0.0,0.0,0.0,0.0,0.0,0.0,0.0,0.0,0.0,0.0,0.0,0.0,0.0,0.0,0.0,0.0,0.0,0.0,0.0,0.0,0.0,0.0,0.0,0.0,0.0,0.0,19,2,24,1,24,6,18,1,18,7,23,7,24,0
1.921E14,1.922E14,1.923E14,1.924E14,1.925E14,0.0,0.0,0.0,0.0,0.0,0.0,0.0,0.0,0.0,0.0,0.0,0.0,0.0,0.0,0.0,0.0,0.0,0.0,0.0,0.0,0.0,0.0,0.0,0.0,0.0,0.0,0.0,0.0,0.0,0.0,0.0,0.0,0.0,0.0,0.0,20,2,24,1,24,5,18,1,18,7,22,8,24,0
1.921E14,1.922E14,1.923E14,1.924E14,1.925E14,0.0,0.0,0.0,0.0,0.0,0.0,0.0,0.0,0.0,0.0,0.0,0.0,0.0,0.0,0.0,0.0,0.0,0.0,0.0,0.0,0.0,0.0,0.0,0.0,0.0,0.0,0.0,0.0,0.0,0.0,0.0,0.0,0.0,0.0,0.0,20,10,24,2,24,5,15,0,23,7,23,3,24,0
1.921E14,1.922E14,1.923E14,1.924E14,1.925E14,0.0,0.0,0.0,0.0,0.0,0.0,0.0,0.0,0.0,0.0,0.0,0.0,0.0,0.0,0.0,0.0,0.0,0.0,0.0,0.0,0.0,0.0,0.0,0.0,0.0,0.0,0.0,0.0,0.0,0.0,0.0,0.0,0.0,0.0,0.0,19,9,19,1,24,5,23,1,23,7,20,3,24,0
1.921E14,1.922E14,1.923E14,1.924E14,1.925E14,0.0,0.0,0.0,0.0,0.0,0.0,0.0,0.0,0.0,0.0,0.0,0.0,0.0,0.0,0.0,0.0,0.0,0.0,0.0,0.0,0.0,0.0,0.0,0.0,0.0,0.0,0.0,0.0,0.0,0.0,0.0,0.0,0.0,0.0,0.0,15,10,24,1,24,6,23,1,23,7,21,3,24,0
1.921E14,1.922E14,1.923E14,1.924E14,1.925E14,0.0,0.0,0.0,0.0,0.0,0.0,0.0,0.0,0.0,0.0,0.0,0.0,0.0,0.0,0.0,0.0,0.0,0.0,0.0,0.0,0.0,0.0,0.0,0.0,0.0,0.0,0.0,0.0,0.0,0.0,0.0,0.0,0.0,0.0,0.0,18,9,24,7,23,1,20,3,24,4,20,3,24,0
1.921E14,1.922E14,1.923E14,1.924E14,1.925E14,0.0,0.0,0.0,0.0,0.0,0.0,0.0,0.0,0.0,0.0,0.0,0.0,0.0,0.0,0.0,0.0,0.0,0.0,0.0,0.0,0.0,0.0,0.0,0.0,0.0,0.0,0.0,0.0,0.0,0.0,0.0,0.0,0.0,0.0,0.0,20,10,20,1,24,6,20,0,24,7,21,3,24,0
1.921E14,1.922E14,1.923E14,1.924E14,1.925E14,0.0,0.0,0.0,0.0,0.0,0.0,0.0,0.0,0.0,0.0,0.0,0.0,0.0,0.0,0.0,0.0,0.0,0.0,0.0,0.0,0.0,0.0,0.0,0.0,0.0,0.0,0.0,0.0,0.0,0.0,0.0,0.0,0.0,0.0,0.0,16,10,24,1,23,5,23,1,23,7,20,3,24,0
1.921E14,1.922E14,1.923E14,1.924E14,1.925E14,0.0,0.0,0.0,0.0,0.0,0.0,0.0,0.0,0.0,0.0,0.0,0.0,0.0,0.0,0.0,0.0,0.0,0.0,0.0,0.0,0.0,0.0,0.0,0.0,0.0,0.0,0.0,0.0,0.0,0.0,0.0,0.0,0.0,0.0,0.0,20,10,24,1,24,5,18,0,19,7,23,3,24,0
1.921E14,1.922E14,1.923E14,1.924E14,1.925E14,0.0,0.0,0.0,0.0,0.0,0.0,0.0,0.0,0.0,0.0,0.0,0.0,0.0,0.0,0.0,0.0,0.0,0.0,0.0,0.0,0.0,0.0,0.0,0.0,0.0,0.0,0.0,0.0,0.0,0.0,0.0,0.0,0.0,0.0,0.0,20,10,24,1,24,5,18,0,22,7,20,3,24,0
1.921E14,1.922E14,1.923E14,1.924E14,1.925E14,0.0,0.0,0.0,0.0,0.0,0.0,0.0,0.0,0.0,0.0,0.0,0.0,0.0,0.0,0.0,0.0,0.0,0.0,0.0,0.0,0.0,0.0,0.0,0.0,0.0,0.0,0.0,0.0,0.0,0.0,0.0,0.0,0.0,0.0,0.0,20,1,24,6,24,10,15,0,23,7,23,3,24,0
1.921E14,1.922E14,1.923E14,1.924E14,1.925E14,1.926E14,0.0,0.0,0.0,0.0,0.0,0.0,0.0,0.0,0.0,0.0,0.0,0.0,0.0,0.0,0.0,0.0,0.0,0.0,0.0,0.0,0.0,0.0,0.0,0.0,0.0,0.0,0.0,0.0,0.0,0.0,0.0,0.0,0.0,0.0,22,3,18,6,15,1,20,2,24,1,20,4,24,0
1.921E14,1.922E14,1.923E14,1.924E14,1.925E14,1.926E14,0.0,0.0,0.0,0.0,0.0,0.0,0.0,0.0,0.0,0.0,0.0,0.0,0.0,0.0,0.0,0.0,0.0,0.0,0.0,0.0,0.0,0.0,0.0,0.0,0.0,0.0,0.0,0.0,0.0,0.0,0.0,0.0,0.0,0.0,15,0,18,6,22,2,21,4,23,0,20,5,24,0
1.921E14,1.922E14,1.923E14,1.924E14,1.925E14,1.926E14,0.0,0.0,0.0,0.0,0.0,0.0,0.0,0.0,0.0,0.0,0.0,0.0,0.0,0.0,0.0,0.0,0.0,0.0,0.0,0.0,0.0,0.0,0.0,0.0,0.0,0.0,0.0,0.0,0.0,0.0,0.0,0.0,0.0,0.0,15,0,17,7,22,2,20,4,24,2,23,4,24,0
1.921E14,1.922E14,1.923E14,1.924E14,1.925E14,1.926E14,0.0,0.0,0.0,0.0,0.0,0.0,0.0,0.0,0.0,0.0,0.0,0.0,0.0,0.0,0.0,0.0,0.0,0.0,0.0,0.0,0.0,0.0,0.0,0.0,0.0,0.0,0.0,0.0,0.0,0.0,0.0,0.0,0.0,0.0,15,0,18,7,22,2,21,4,22,1,23,5,24,0
1.921E14,1.922E14,1.923E14,1.924E14,1.925E14,1.926E14,0.0,0.0,0.0,0.0,0.0,0.0,0.0,0.0,0.0,0.0,0.0,0.0,0.0,0.0,0.0,0.0,0.0,0.0,0.0,0.0,0.0,0.0,0.0,0.0,0.0,0.0,0.0,0.0,0.0,0.0,0.0,0.0,0.0,0.0,18,0,18,6,18,2,20,4,23,1,23,5,24,0
1.921E14,1.922E14,1.923E14,1.924E14,1.925E14,1.926E14,0.0,0.0,0.0,0.0,0.0,0.0,0.0,0.0,0.0,0.0,0.0,0.0,0.0,0.0,0.0,0.0,0.0,0.0,0.0,0.0,0.0,0.0,0.0,0.0,0.0,0.0,0.0,0.0,0.0,0.0,0.0,0.0,0.0,0.0,22,0,17,6,15,1,20,4,24,2,23,6,24,0
1.921E14,1.922E14,1.923E14,1.924E14,1.925E14,1.926E14,0.0,0.0,0.0,0.0,0.0,0.0,0.0,0.0,0.0,0.0,0.0,0.0,0.0,0.0,0.0,0.0,0.0,0.0,0.0,0.0,0.0,0.0,0.0,0.0,0.0,0.0,0.0,0.0,0.0,0.0,0.0,0.0,0.0,0.0,15,0,18,7,22,2,20,4,24,2,23,5,24,0
1.921E14,1.922E14,1.923E14,1.924E14,1.925E14,1.926E14,0.0,0.0,0.0,0.0,0.0,0.0,0.0,0.0,0.0,0.0,0.0,0.0,0.0,0.0,0.0,0.0,0.0,0.0,0.0,0.0,0.0,0.0,0.0,0.0,0.0,0.0,0.0,0.0,0.0,0.0,0.0,0.0,0.0,0.0,15,0,18,7,23,2,20,4,24,3,22,4,24,0
1.921E14,1.922E14,1.923E14,1.924E14,1.925E14,1.926E14,0.0,0.0,0.0,0.0,0.0,0.0,0.0,0.0,0.0,0.0,0.0,0.0,0.0,0.0,0.0,0.0,0.0,0.0,0.0,0.0,0.0,0.0,0.0,0.0,0.0,0.0,0.0,0.0,0.0,0.0,0.0,0.0,0.0,0.0,15,3,17,6,24,2,20,4,24,2,23,4,24,0
1.921E14,1.922E14,1.923E14,1.924E14,1.925E14,1.926E14,0.0,0.0,0.0,0.0,0.0,0.0,0.0,0.0,0.0,0.0,0.0,0.0,0.0,0.0,0.0,0.0,0.0,0.0,0.0,0.0,0.0,0.0,0.0,0.0,0.0,0.0,0.0,0.0,0.0,0.0,0.0,0.0,0.0,0.0,15,0,18,7,22,2,21,4,24,3,23,5,24,0
1.921E14,1.922E14,1.923E14,1.924E14,1.925E14,1.926E14,0.0,0.0,0.0,0.0,0.0,0.0,0.0,0.0,0.0,0.0,0.0,0.0,0.0,0.0,0.0,0.0,0.0,0.0,0.0,0.0,0.0,0.0,0.0,0.0,0.0,0.0,0.0,0.0,0.0,0.0,0.0,0.0,0.0,0.0,15,3,17,8,24,1,20,3,24,2,24,5,24,0
1.921E14,1.922E14,1.923E14,1.924E14,1.925E14,1.926E14,0.0,0.0,0.0,0.0,0.0,0.0,0.0,0.0,0.0,0.0,0.0,0.0,0.0,0.0,0.0,0.0,0.0,0.0,0.0,0.0,0.0,0.0,0.0,0.0,0.0,0.0,0.0,0.0,0.0,0.0,0.0,0.0,0.0,0.0,21,0,17,7,15,1,23,4,24,2,23,7,24,0
1.921E14,1.922E14,1.923E14,1.924E14,1.925E14,1.926E14,0.0,0.0,0.0,0.0,0.0,0.0,0.0,0.0,0.0,0.0,0.0,0.0,0.0,0.0,0.0,0.0,0.0,0.0,0.0,0.0,0.0,0.0,0.0,0.0,0.0,0.0,0.0,0.0,0.0,0.0,0.0,0.0,0.0,0.0,21,0,18,9,18,2,19,4,23,0,23,5,24,0
1.921E14,1.922E14,1.923E14,1.924E14,1.925E14,1.926E14,0.0,0.0,0.0,0.0,0.0,0.0,0.0,0.0,0.0,0.0,0.0,0.0,0.0,0.0,0.0,0.0,0.0,0.0,0.0,0.0,0.0,0.0,0.0,0.0,0.0,0.0,0.0,0.0,0.0,0.0,0.0,0.0,0.0,0.0,15,0,18,6,23,2,21,4,23,3,23,6,24,0
1.921E14,1.922E14,1.923E14,1.924E14,1.925E14,1.926E14,0.0,0.0,0.0,0.0,0.0,0.0,0.0,0.0,0.0,0.0,0.0,0.0,0.0,0.0,0.0,0.0,0.0,0.0,0.0,0.0,0.0,0.0,0.0,0.0,0.0,0.0,0.0,0.0,0.0,0.0,0.0,0.0,0.0,0.0,15,3,17,6,23,1,23,4,23,3,23,5,24,0
1.921E14,1.922E14,1.923E14,1.924E14,1.925E14,1.926E14,0.0,0.0,0.0,0.0,0.0,0.0,0.0,0.0,0.0,0.0,0.0,0.0,0.0,0.0,0.0,0.0,0.0,0.0,0.0,0.0,0.0,0.0,0.0,0.0,0.0,0.0,0.0,0.0,0.0,0.0,0.0,0.0,0.0,0.0,15,3,18,7,24,2,20,4,24,2,24,5,24,0
1.921E14,1.922E14,1.923E14,1.924E14,1.925E14,1.926E14,0.0,0.0,0.0,0.0,0.0,0.0,0.0,0.0,0.0,0.0,0.0,0.0,0.0,0.0,0.0,0.0,0.0,0.0,0.0,0.0,0.0,0.0,0.0,0.0,0.0,0.0,0.0,0.0,0.0,0.0,0.0,0.0,0.0,0.0,19,3,17,6,24,1,20,4,23,3,20,4,24,0
1.921E14,1.922E14,1.923E14,1.924E14,1.925E14,1.926E14,0.0,0.0,0.0,0.0,0.0,0.0,0.0,0.0,0.0,0.0,0.0,0.0,0.0,0.0,0.0,0.0,0.0,0.0,0.0,0.0,0.0,0.0,0.0,0.0,0.0,0.0,0.0,0.0,0.0,0.0,0.0,0.0,0.0,0.0,15,3,17,6,23,2,23,4,24,3,23,5,24,0
1.921E14,1.922E14,1.923E14,1.924E14,1.925E14,1.926E14,0.0,0.0,0.0,0.0,0.0,0.0,0.0,0.0,0.0,0.0,0.0,0.0,0.0,0.0,0.0,0.0,0.0,0.0,0.0,0.0,0.0,0.0,0.0,0.0,0.0,0.0,0.0,0.0,0.0,0.0,0.0,0.0,0.0,0.0,15,3,17,6,23,1,23,4,24,3,23,6,24,0
1.921E14,1.922E14,1.923E14,1.924E14,1.925E14,1.926E14,0.0,0.0,0.0,0.0,0.0,0.0,0.0,0.0,0.0,0.0,0.0,0.0,0.0,0.0,0.0,0.0,0.0,0.0,0.0,0.0,0.0,0.0,0.0,0.0,0.0,0.0,0.0,0.0,0.0,0.0,0.0,0.0,0.0,0.0,15,3,17,4,23,6,23,5,24,1,24,5,24,0
1.921E14,1.922E14,1.923E14,1.924E14,1.925E14,1.926E14,0.0,0.0,0.0,0.0,0.0,0.0,0.0,0.0,0.0,0.0,0.0,0.0,0.0,0.0,0.0,0.0,0.0,0.0,0.0,0.0,0.0,0.0,0.0,0.0,0.0,0.0,0.0,0.0,0.0,0.0,0.0,0.0,0.0,0.0,22,1,18,6,24,1,19,6,20,2,20,5,24,0
1.921E14,1.922E14,1.923E14,1.924E14,1.925E14,1.926E14,0.0,0.0,0.0,0.0,0.0,0.0,0.0,0.0,0.0,0.0,0.0,0.0,0.0,0.0,0.0,0.0,0.0,0.0,0.0,0.0,0.0,0.0,0.0,0.0,0.0,0.0,0.0,0.0,0.0,0.0,0.0,0.0,0.0,0.0,21,1,18,5,23,1,19,4,23,5,19,5,24,0
1.921E14,1.922E14,1.923E14,1.924E14,1.925E14,1.926E14,0.0,0.0,0.0,0.0,0.0,0.0,0.0,0.0,0.0,0.0,0.0,0.0,0.0,0.0,0.0,0.0,0.0,0.0,0.0,0.0,0.0,0.0,0.0,0.0,0.0,0.0,0.0,0.0,0.0,0.0,0.0,0.0,0.0,0.0,18,3,17,7,24,2,20,4,23,2,23,5,24,0
1.921E14,1.922E14,1.923E14,1.924E14,1.925E14,1.926E14,0.0,0.0,0.0,0.0,0.0,0.0,0.0,0.0,0.0,0.0,0.0,0.0,0.0,0.0,0.0,0.0,0.0,0.0,0.0,0.0,0.0,0.0,0.0,0.0,0.0,0.0,0.0,0.0,0.0,0.0,0.0,0.0,0.0,0.0,15,3,17,5,24,2,23,5,24,5,23,4,24,0
1.921E14,1.922E14,1.923E14,1.924E14,1.925E14,1.926E14,0.0,0.0,0.0,0.0,0.0,0.0,0.0,0.0,0.0,0.0,0.0,0.0,0.0,0.0,0.0,0.0,0.0,0.0,0.0,0.0,0.0,0.0,0.0,0.0,0.0,0.0,0.0,0.0,0.0,0.0,0.0,0.0,0.0,0.0,22,0,18,6,23,1,18,7,23,3,20,5,24,0
1.921E14,1.922E14,1.923E14,1.924E14,1.925E14,1.926E14,0.0,0.0,0.0,0.0,0.0,0.0,0.0,0.0,0.0,0.0,0.0,0.0,0.0,0.0,0.0,0.0,0.0,0.0,0.0,0.0,0.0,0.0,0.0,0.0,0.0,0.0,0.0,0.0,0.0,0.0,0.0,0.0,0.0,0.0,18,1,18,7,23,1,20,4,23,5,23,5,24,0
1.921E14,1.922E14,1.923E14,1.924E14,1.925E14,1.926E14,0.0,0.0,0.0,0.0,0.0,0.0,0.0,0.0,0.0,0.0,0.0,0.0,0.0,0.0,0.0,0.0,0.0,0.0,0.0,0.0,0.0,0.0,0.0,0.0,0.0,0.0,0.0,0.0,0.0,0.0,0.0,0.0,0.0,0.0,15,3,24,9,23,1,23,4,19,2,22,5,24,0
1.921E14,1.922E14,1.923E14,1.924E14,1.925E14,1.926E14,0.0,0.0,0.0,0.0,0.0,0.0,0.0,0.0,0.0,0.0,0.0,0.0,0.0,0.0,0.0,0.0,0.0,0.0,0.0,0.0,0.0,0.0,0.0,0.0,0.0,0.0,0.0,0.0,0.0,0.0,0.0,0.0,0.0,0.0,15,3,24,6,23,6,20,4,23,2,22,4,24,0
1.921E14,1.922E14,1.923E14,1.924E14,1.925E14,1.926E14,0.0,0.0,0.0,0.0,0.0,0.0,0.0,0.0,0.0,0.0,0.0,0.0,0.0,0.0,0.0,0.0,0.0,0.0,0.0,0.0,0.0,0.0,0.0,0.0,0.0,0.0,0.0,0.0,0.0,0.0,0.0,0.0,0.0,0.0,21,1,18,5,23,2,20,4,23,6,20,5,24,0
1.921E14,1.922E14,1.923E14,1.924E14,1.925E14,1.926E14,0.0,0.0,0.0,0.0,0.0,0.0,0.0,0.0,0.0,0.0,0.0,0.0,0.0,0.0,0.0,0.0,0.0,0.0,0.0,0.0,0.0,0.0,0.0,0.0,0.0,0.0,0.0,0.0,0.0,0.0,0.0,0.0,0.0,0.0,18,0,17,7,23,6,23,5,23,3,23,4,24,0
1.921E14,1.922E14,1.923E14,1.924E14,1.925E14,1.926E14,1.927E14,0.0,0.0,0.0,0.0,0.0,0.0,0.0,0.0,0.0,0.0,0.0,0.0,0.0,0.0,0.0,0.0,0.0,0.0,0.0,0.0,0.0,0.0,0.0,0.0,0.0,0.0,0.0,0.0,0.0,0.0,0.0,0.0,0.0,23,2,14,0,19,5,23,3,14,1,20,0,24,0
1.921E14,1.922E14,1.923E14,1.924E14,1.925E14,1.926E14,1.927E14,0.0,0.0,0.0,0.0,0.0,0.0,0.0,0.0,0.0,0.0,0.0,0.0,0.0,0.0,0.0,0.0,0.0,0.0,0.0,0.0,0.0,0.0,0.0,0.0,0.0,0.0,0.0,0.0,0.0,0.0,0.0,0.0,0.0,23,5,14,1,21,2,23,3,14,1,19,0,24,0
1.921E14,1.922E14,1.923E14,1.924E14,1.925E14,1.926E14,1.927E14,0.0,0.0,0.0,0.0,0.0,0.0,0.0,0.0,0.0,0.0,0.0,0.0,0.0,0.0,0.0,0.0,0.0,0.0,0.0,0.0,0.0,0.0,0.0,0.0,0.0,0.0,0.0,0.0,0.0,0.0,0.0,0.0,0.0,23,5,21,0,18,2,23,3,15,2,19,5,24,0
1.921E14,1.922E14,1.923E14,1.924E14,1.925E14,1.926E14,1.927E14,0.0,0.0,0.0,0.0,0.0,0.0,0.0,0.0,0.0,0.0,0.0,0.0,0.0,0.0,0.0,0.0,0.0,0.0,0.0,0.0,0.0,0.0,0.0,0.0,0.0,0.0,0.0,0.0,0.0,0.0,0.0,0.0,0.0,16,6,19,2,24,3,23,2,19,5,19,0,24,0
1.921E14,1.922E14,1.923E14,1.924E14,1.925E14,1.926E14,1.927E14,0.0,0.0,0.0,0.0,0.0,0.0,0.0,0.0,0.0,0.0,0.0,0.0,0.0,0.0,0.0,0.0,0.0,0.0,0.0,0.0,0.0,0.0,0.0,0.0,0.0,0.0,0.0,0.0,0.0,0.0,0.0,0.0,0.0,24,6,21,1,15,5,23,0,14,1,24,6,24,0
1.921E14,1.922E14,1.923E14,1.924E14,1.925E14,1.926E14,1.927E14,0.0,0.0,0.0,0.0,0.0,0.0,0.0,0.0,0.0,0.0,0.0,0.0,0.0,0.0,0.0,0.0,0.0,0.0,0.0,0.0,0.0,0.0,0.0,0.0,0.0,0.0,0.0,0.0,0.0,0.0,0.0,0.0,0.0,15,9,21,1,24,4,23,0,21,1,19,6,24,0
1.921E14,1.922E14,1.923E14,1.924E14,1.925E14,1.926E14,1.927E14,0.0,0.0,0.0,0.0,0.0,0.0,0.0,0.0,0.0,0.0,0.0,0.0,0.0,0.0,0.0,0.0,0.0,0.0,0.0,0.0,0.0,0.0,0.0,0.0,0.0,0.0,0.0,0.0,0.0,0.0,0.0,0.0,0.0,23,12,21,0,23,6,20,0,17,0,19,3,24,0
1.921E14,1.922E14,1.923E14,1.924E14,1.925E14,1.926E14,1.927E14,0.0,0.0,0.0,0.0,0.0,0.0,0.0,0.0,0.0,0.0,0.0,0.0,0.0,0.0,0.0,0.0,0.0,0.0,0.0,0.0,0.0,0.0,0.0,0.0,0.0,0.0,0.0,0.0,0.0,0.0,0.0,0.0,0.0,23,5,21,8,15,5,23,0,20,0,24,6,24,0
1.921E14,1.922E14,1.923E14,1.924E14,1.925E14,1.926E14,1.927E14,0.0,0.0,0.0,0.0,0.0,0.0,0.0,0.0,0.0,0.0,0.0,0.0,0.0,0.0,0.0,0.0,0.0,0.0,0.0,0.0,0.0,0.0,0.0,0.0,0.0,0.0,0.0,0.0,0.0,0.0,0.0,0.0,0.0,24,6,21,0,18,6,23,3,14,1,24,6,24,0
1.921E14,1.922E14,1.923E14,1.924E14,1.925E14,1.926E14,1.927E14,0.0,0.0,0.0,0.0,0.0,0.0,0.0,0.0,0.0,0.0,0.0,0.0,0.0,0.0,0.0,0.0,0.0,0.0,0.0,0.0,0.0,0.0,0.0,0.0,0.0,0.0,0.0,0.0,0.0,0.0,0.0,0.0,0.0,23,9,22,2,19,4,23,0,14,2,24,6,24,0
1.921E14,1.922E14,1.923E14,1.924E14,1.925E14,1.926E14,1.927E14,0.0,0.0,0.0,0.0,0.0,0.0,0.0,0.0,0.0,0.0,0.0,0.0,0.0,0.0,0.0,0.0,0.0,0.0,0.0,0.0,0.0,0.0,0.0,0.0,0.0,0.0,0.0,0.0,0.0,0.0,0.0,0.0,0.0,24,18,21,0,24,4,23,0,16,2,19,1,24,0
1.921E14,1.922E14,1.923E14,1.924E14,1.925E14,1.926E14,1.927E14,0.0,0.0,0.0,0.0,0.0,0.0,0.0,0.0,0.0,0.0,0.0,0.0,0.0,0.0,0.0,0.0,0.0,0.0,0.0,0.0,0.0,0.0,0.0,0.0,0.0,0.0,0.0,0.0,0.0,0.0,0.0,0.0,0.0,24,18,21,1,24,4,23,0,18,2,17,0,24,0
1.921E14,1.922E14,1.923E14,1.924E14,1.925E14,1.926E14,1.927E14,1.928E14,0.0,0.0,0.0,0.0,0.0,0.0,0.0,0.0,0.0,0.0,0.0,0.0,0.0,0.0,0.0,0.0,0.0,0.0,0.0,0.0,0.0,0.0,0.0,0.0,0.0,0.0,0.0,0.0,0.0,0.0,0.0,0.0,15,0,19,2,23,5,16,3,20,4,23,0,24,0
1.921E14,1.922E14,1.923E14,1.924E14,1.925E14,1.926E14,1.927E14,1.928E14,0.0,0.0,0.0,0.0,0.0,0.0,0.0,0.0,0.0,0.0,0.0,0.0,0.0,0.0,0.0,0.0,0.0,0.0,0.0,0.0,0.0,0.0,0.0,0.0,0.0,0.0,0.0,0.0,0.0,0.0,0.0,0.0,15,0,23,2,18,6,17,2,20,5,24,0,24,0
1.921E14,1.922E14,1.923E14,1.924E14,1.925E14,1.926E14,1.927E14,1.928E14,0.0,0.0,0.0,0.0,0.0,0.0,0.0,0.0,0.0,0.0,0.0,0.0,0.0,0.0,0.0,0.0,0.0,0.0,0.0,0.0,0.0,0.0,0.0,0.0,0.0,0.0,0.0,0.0,0.0,0.0,0.0,0.0,15,0,18,2,17,6,24,2,20,6,24,0,24,0
1.921E14,1.922E14,1.923E14,1.924E14,1.925E14,1.926E14,1.927E14,1.928E14,0.0,0.0,0.0,0.0,0.0,0.0,0.0,0.0,0.0,0.0,0.0,0.0,0.0,0.0,0.0,0.0,0.0,0.0,0.0,0.0,0.0,0.0,0.0,0.0,0.0,0.0,0.0,0.0,0.0,0.0,0.0,0.0,18,1,23,2,15,1,17,2,20,6,24,3,24,0
1.921E14,1.922E14,1.923E14,1.924E14,1.925E14,1.926E14,1.927E14,1.928E14,0.0,0.0,0.0,0.0,0.0,0.0,0.0,0.0,0.0,0.0,0.0,0.0,0.0,0.0,0.0,0.0,0.0,0.0,0.0,0.0,0.0,0.0,0.0,0.0,0.0,0.0,0.0,0.0,0.0,0.0,0.0,0.0,24,0,19,8,19,5,15,1,19,4,24,0,24,0
1.921E14,1.922E14,1.923E14,1.924E14,1.925E14,1.926E14,1.927E14,1.928E14,0.0,0.0,0.0,0.0,0.0,0.0,0.0,0.0,0.0,0.0,0.0,0.0,0.0,0.0,0.0,0.0,0.0,0.0,0.0,0.0,0.0,0.0,0.0,0.0,0.0,0.0,0.0,0.0,0.0,0.0,0.0,0.0,15,0,24,5,18,6,17,2,23,5,23,0,24,0
1.921E14,1.922E14,1.923E14,1.924E14,1.925E14,1.926E14,1.927E14,1.928E14,0.0,0.0,0.0,0.0,0.0,0.0,0.0,0.0,0.0,0.0,0.0,0.0,0.0,0.0,0.0,0.0,0.0,0.0,0.0,0.0,0.0,0.0,0.0,0.0,0.0,0.0,0.0,0.0,0.0,0.0,0.0,0.0,15,0,23,6,16,6,24,2,20,6,24,0,24,0
1.921E14,1.922E14,1.923E14,1.924E14,1.925E14,1.926E14,1.927E14,1.928E14,0.0,0.0,0.0,0.0,0.0,0.0,0.0,0.0,0.0,0.0,0.0,0.0,0.0,0.0,0.0,0.0,0.0,0.0,0.0,0.0,0.0,0.0,0.0,0.0,0.0,0.0,0.0,0.0,0.0,0.0,0.0,0.0,15,0,19,6,24,5,16,4,24,4,24,1,24,0
1.921E14,1.922E14,1.923E14,1.924E14,1.925E14,1.926E14,1.927E14,1.928E14,0.0,0.0,0.0,0.0,0.0,0.0,0.0,0.0,0.0,0.0,0.0,0.0,0.0,0.0,0.0,0.0,0.0,0.0,0.0,0.0,0.0,0.0,0.0,0.0,0.0,0.0,0.0,0.0,0.0,0.0,0.0,0.0,15,1,23,2,23,5,17,2,19,6,24,3,24,0
1.921E14,1.922E14,1.923E14,1.924E14,1.925E14,1.926E14,1.927E14,1.928E14,0.0,0.0,0.0,0.0,0.0,0.0,0.0,0.0,0.0,0.0,0.0,0.0,0.0,0.0,0.0,0.0,0.0,0.0,0.0,0.0,0.0,0.0,0.0,0.0,0.0,0.0,0.0,0.0,0.0,0.0,0.0,0.0,18,0,24,3,20,6,20,4,19,5,19,0,24,0
1.921E14,1.922E14,1.923E14,1.924E14,1.925E14,1.926E14,1.927E14,1.928E14,0.0,0.0,0.0,0.0,0.0,0.0,0.0,0.0,0.0,0.0,0.0,0.0,0.0,0.0,0.0,0.0,0.0,0.0,0.0,0.0,0.0,0.0,0.0,0.0,0.0,0.0,0.0,0.0,0.0,0.0,0.0,0.0,15,0,23,5,20,5,17,4,23,4,24,2,24,0
1.921E14,1.922E14,1.923E14,1.924E14,1.925E14,1.926E14,1.927E14,1.928E14,0.0,0.0,0.0,0.0,0.0,0.0,0.0,0.0,0.0,0.0,0.0,0.0,0.0,0.0,0.0,0.0,0.0,0.0,0.0,0.0,0.0,0.0,0.0,0.0,0.0,0.0,0.0,0.0,0.0,0.0,0.0,0.0,19,1,18,3,23,7,18,0,19,4,24,4,24,0
1.921E14,1.922E14,1.923E14,1.924E14,1.925E14,1.926E14,1.927E14,1.928E14,0.0,0.0,0.0,0.0,0.0,0.0,0.0,0.0,0.0,0.0,0.0,0.0,0.0,0.0,0.0,0.0,0.0,0.0,0.0,0.0,0.0,0.0,0.0,0.0,0.0,0.0,0.0,0.0,0.0,0.0,0.0,0.0,24,0,15,1,20,1,16,10,23,4,24,4,24,0
1.921E14,1.922E14,1.923E14,1.924E14,1.925E14,1.926E14,1.927E14,1.928E14,0.0,0.0,0.0,0.0,0.0,0.0,0.0,0.0,0.0,0.0,0.0,0.0,0.0,0.0,0.0,0.0,0.0,0.0,0.0,0.0,0.0,0.0,0.0,0.0,0.0,0.0,0.0,0.0,0.0,0.0,0.0,0.0,15,0,24,6,17,6,24,2,19,7,24,0,24,0
1.921E14,1.922E14,1.923E14,1.924E14,1.925E14,1.926E14,1.927E14,1.928E14,0.0,0.0,0.0,0.0,0.0,0.0,0.0,0.0,0.0,0.0,0.0,0.0,0.0,0.0,0.0,0.0,0.0,0.0,0.0,0.0,0.0,0.0,0.0,0.0,0.0,0.0,0.0,0.0,0.0,0.0,0.0,0.0,19,2,23,2,21,3,19,6,20,2,19,4,24,0
1.921E14,1.922E14,1.923E14,1.924E14,1.925E14,1.926E14,1.927E14,1.928E14,0.0,0.0,0.0,0.0,0.0,0.0,0.0,0.0,0.0,0.0,0.0,0.0,0.0,0.0,0.0,0.0,0.0,0.0,0.0,0.0,0.0,0.0,0.0,0.0,0.0,0.0,0.0,0.0,0.0,0.0,0.0,0.0,19,1,23,2,21,3,20,4,19,5,19,4,24,0
1.921E14,1.922E14,1.923E14,1.924E14,1.925E14,1.926E14,1.927E14,1.928E14,0.0,0.0,0.0,0.0,0.0,0.0,0.0,0.0,0.0,0.0,0.0,0.0,0.0,0.0,0.0,0.0,0.0,0.0,0.0,0.0,0.0,0.0,0.0,0.0,0.0,0.0,0.0,0.0,0.0,0.0,0.0,0.0,18,1,23,9,15,2,24,1,20,5,24,4,24,0
1.921E14,1.922E14,1.923E14,1.924E14,1.925E14,1.926E14,1.927E14,1.928E14,0.0,0.0,0.0,0.0,0.0,0.0,0.0,0.0,0.0,0.0,0.0,0.0,0.0,0.0,0.0,0.0,0.0,0.0,0.0,0.0,0.0,0.0,0.0,0.0,0.0,0.0,0.0,0.0,0.0,0.0,0.0,0.0,15,0,24,2,24,6,17,3,19,6,24,4,24,0
1.921E14,1.922E14,1.923E14,1.924E14,1.925E14,1.926E14,1.927E14,1.928E14,0.0,0.0,0.0,0.0,0.0,0.0,0.0,0.0,0.0,0.0,0.0,0.0,0.0,0.0,0.0,0.0,0.0,0.0,0.0,0.0,0.0,0.0,0.0,0.0,0.0,0.0,0.0,0.0,0.0,0.0,0.0,0.0,15,1,23,5,18,6,24,2,20,5,24,3,24,0
1.921E14,1.922E14,1.923E14,1.924E14,1.925E14,1.926E14,1.927E14,1.928E14,0.0,0.0,0.0,0.0,0.0,0.0,0.0,0.0,0.0,0.0,0.0,0.0,0.0,0.0,0.0,0.0,0.0,0.0,0.0,0.0,0.0,0.0,0.0,0.0,0.0,0.0,0.0,0.0,0.0,0.0,0.0,0.0,15,0,24,6,16,6,24,6,23,5,23,0,24,0
1.921E14,1.922E14,1.923E14,1.924E14,1.925E14,1.926E14,1.927E14,1.928E14,0.0,0.0,0.0,0.0,0.0,0.0,0.0,0.0,0.0,0.0,0.0,0.0,0.0,0.0,0.0,0.0,0.0,0.0,0.0,0.0,0.0,0.0,0.0,0.0,0.0,0.0,0.0,0.0,0.0,0.0,0.0,0.0,20,1,18,2,23,7,18,1,20,4,24,6,24,0
1.921E14,1.922E14,1.923E14,1.924E14,1.925E14,1.926E14,1.927E14,1.928E14,0.0,0.0,0.0,0.0,0.0,0.0,0.0,0.0,0.0,0.0,0.0,0.0,0.0,0.0,0.0,0.0,0.0,0.0,0.0,0.0,0.0,0.0,0.0,0.0,0.0,0.0,0.0,0.0,0.0,0.0,0.0,0.0,15,0,24,7,19,6,24,4,19,6,24,0,24,0
1.921E14,1.922E14,1.923E14,1.924E14,1.925E14,1.926E14,1.927E14,1.928E14,0.0,0.0,0.0,0.0,0.0,0.0,0.0,0.0,0.0,0.0,0.0,0.0,0.0,0.0,0.0,0.0,0.0,0.0,0.0,0.0,0.0,0.0,0.0,0.0,0.0,0.0,0.0,0.0,0.0,0.0,0.0,0.0,24,0,15,0,23,8,15,5,24,7,24,3,24,0
1.921E14,1.922E14,1.923E14,1.924E14,1.925E14,1.926E14,1.927E14,1.928E14,0.0,0.0,0.0,0.0,0.0,0.0,0.0,0.0,0.0,0.0,0.0,0.0,0.0,0.0,0.0,0.0,0.0,0.0,0.0,0.0,0.0,0.0,0.0,0.0,0.0,0.0,0.0,0.0,0.0,0.0,0.0,0.0,24,1,19,4,23,8,15,3,20,4,24,3,24,0
1.921E14,1.922E14,1.923E14,1.924E14,1.925E14,1.926E14,1.927E14,1.928E14,0.0,0.0,0.0,0.0,0.0,0.0,0.0,0.0,0.0,0.0,0.0,0.0,0.0,0.0,0.0,0.0,0.0,0.0,0.0,0.0,0.0,0.0,0.0,0.0,0.0,0.0,0.0,0.0,0.0,0.0,0.0,0.0,15,2,23,6,23,6,17,0,24,7,24,3,24,0
1.921E14,1.922E14,1.923E14,1.924E14,1.925E14,1.926E14,1.927E14,1.928E14,0.0,0.0,0.0,0.0,0.0,0.0,0.0,0.0,0.0,0.0,0.0,0.0,0.0,0.0,0.0,0.0,0.0,0.0,0.0,0.0,0.0,0.0,0.0,0.0,0.0,0.0,0.0,0.0,0.0,0.0,0.0,0.0,23,1,23,2,21,1,16,11,18,4,24,4,24,0
1.921E14,1.922E14,1.923E14,1.924E14,1.925E14,1.926E14,1.927E14,1.928E14,0.0,0.0,0.0,0.0,0.0,0.0,0.0,0.0,0.0,0.0,0.0,0.0,0.0,0.0,0.0,0.0,0.0,0.0,0.0,0.0,0.0,0.0,0.0,0.0,0.0,0.0,0.0,0.0,0.0,0.0,0.0,0.0,24,0,24,7,19,5,20,4,19,4,19,3,24,0
1.921E14,1.922E14,1.923E14,1.924E14,1.925E14,1.926E14,1.927E14,1.928E14,0.0,0.0,0.0,0.0,0.0,0.0,0.0,0.0,0.0,0.0,0.0,0.0,0.0,0.0,0.0,0.0,0.0,0.0,0.0,0.0,0.0,0.0,0.0,0.0,0.0,0.0,0.0,0.0,0.0,0.0,0.0,0.0,19,1,23,2,21,2,23,9,20,6,19,3,24,0
1.921E14,1.922E14,1.923E14,1.924E14,1.925E14,1.926E14,1.927E14,1.928E14,0.0,0.0,0.0,0.0,0.0,0.0,0.0,0.0,0.0,0.0,0.0,0.0,0.0,0.0,0.0,0.0,0.0,0.0,0.0,0.0,0.0,0.0,0.0,0.0,0.0,0.0,0.0,0.0,0.0,0.0,0.0,0.0,24,1,20,8,20,6,19,0,19,5,24,4,24,0
1.921E14,1.922E14,1.923E14,1.924E14,1.925E14,1.926E14,1.927E14,1.928E14,0.0,0.0,0.0,0.0,0.0,0.0,0.0,0.0,0.0,0.0,0.0,0.0,0.0,0.0,0.0,0.0,0.0,0.0,0.0,0.0,0.0,0.0,0.0,0.0,0.0,0.0,0.0,0.0,0.0,0.0,0.0,0.0,24,1,22,5,20,8,15,4,23,4,23,3,24,0
1.921E14,1.922E14,1.923E14,1.924E14,1.925E14,1.926E14,1.927E14,1.928E14,1.929E14,0.0,0.0,0.0,0.0,0.0,0.0,0.0,0.0,0.0,0.0,0.0,0.0,0.0,0.0,0.0,0.0,0.0,0.0,0.0,0.0,0.0,0.0,0.0,0.0,0.0,0.0,0.0,0.0,0.0,0.0,0.0,15,0,18,3,24,4,19,1,15,1,21,1,24,0
1.921E14,1.922E14,1.923E14,1.924E14,1.925E14,1.926E14,1.927E14,1.928E14,1.929E14,0.0,0.0,0.0,0.0,0.0,0.0,0.0,0.0,0.0,0.0,0.0,0.0,0.0,0.0,0.0,0.0,0.0,0.0,0.0,0.0,0.0,0.0,0.0,0.0,0.0,0.0,0.0,0.0,0.0,0.0,0.0,15,0,19,3,23,4,19,1,15,1,21,1,24,0
1.921E14,1.922E14,1.923E14,1.924E14,1.925E14,1.926E14,1.927E14,1.928E14,1.929E14,0.0,0.0,0.0,0.0,0.0,0.0,0.0,0.0,0.0,0.0,0.0,0.0,0.0,0.0,0.0,0.0,0.0,0.0,0.0,0.0,0.0,0.0,0.0,0.0,0.0,0.0,0.0,0.0,0.0,0.0,0.0,15,0,18,3,24,3,19,1,15,1,21,2,24,0
1.921E14,1.922E14,1.923E14,1.924E14,1.925E14,1.926E14,1.927E14,1.928E14,1.929E14,0.0,0.0,0.0,0.0,0.0,0.0,0.0,0.0,0.0,0.0,0.0,0.0,0.0,0.0,0.0,0.0,0.0,0.0,0.0,0.0,0.0,0.0,0.0,0.0,0.0,0.0,0.0,0.0,0.0,0.0,0.0,15,0,14,0,24,7,24,1,15,1,21,2,24,0
1.921E14,1.922E14,1.923E14,1.924E14,1.925E14,1.926E14,1.927E14,1.928E14,1.929E14,0.0,0.0,0.0,0.0,0.0,0.0,0.0,0.0,0.0,0.0,0.0,0.0,0.0,0.0,0.0,0.0,0.0,0.0,0.0,0.0,0.0,0.0,0.0,0.0,0.0,0.0,0.0,0.0,0.0,0.0,0.0,15,0,18,3,18,3,24,1,16,1,21,2,24,0
1.921E14,1.922E14,1.923E14,1.924E14,1.925E14,1.926E14,1.927E14,1.928E14,1.929E14,0.0,0.0,0.0,0.0,0.0,0.0,0.0,0.0,0.0,0.0,0.0,0.0,0.0,0.0,0.0,0.0,0.0,0.0,0.0,0.0,0.0,0.0,0.0,0.0,0.0,0.0,0.0,0.0,0.0,0.0,0.0,15,0,15,2,23,4,19,2,20,1,21,2,24,0
1.921E14,1.922E14,1.923E14,1.924E14,1.925E14,1.926E14,1.927E14,1.928E14,1.929E14,0.0,0.0,0.0,0.0,0.0,0.0,0.0,0.0,0.0,0.0,0.0,0.0,0.0,0.0,0.0,0.0,0.0,0.0,0.0,0.0,0.0,0.0,0.0,0.0,0.0,0.0,0.0,0.0,0.0,0.0,0.0,15,0,15,3,24,4,24,2,15,2,21,1,24,0
1.921E14,1.922E14,1.923E14,1.924E14,1.925E14,1.926E14,1.927E14,1.928E14,1.929E14,0.0,0.0,0.0,0.0,0.0,0.0,0.0,0.0,0.0,0.0,0.0,0.0,0.0,0.0,0.0,0.0,0.0,0.0,0.0,0.0,0.0,0.0,0.0,0.0,0.0,0.0,0.0,0.0,0.0,0.0,0.0,15,0,19,3,24,4,19,1,15,2,21,1,24,0
1.921E14,1.922E14,1.923E14,1.924E14,1.925E14,1.926E14,1.927E14,1.928E14,1.929E14,0.0,0.0,0.0,0.0,0.0,0.0,0.0,0.0,0.0,0.0,0.0,0.0,0.0,0.0,0.0,0.0,0.0,0.0,0.0,0.0,0.0,0.0,0.0,0.0,0.0,0.0,0.0,0.0,0.0,0.0,0.0,15,0,15,2,24,4,24,2,15,2,21,2,24,0
1.921E14,1.922E14,1.923E14,1.924E14,1.925E14,1.926E14,1.927E14,1.928E14,1.929E14,0.0,0.0,0.0,0.0,0.0,0.0,0.0,0.0,0.0,0.0,0.0,0.0,0.0,0.0,0.0,0.0,0.0,0.0,0.0,0.0,0.0,0.0,0.0,0.0,0.0,0.0,0.0,0.0,0.0,0.0,0.0,15,0,19,0,24,4,19,1,15,5,21,1,24,0
1.921E14,1.922E14,1.923E14,1.924E14,1.925E14,1.926E14,1.927E14,1.928E14,1.929E14,0.0,0.0,0.0,0.0,0.0,0.0,0.0,0.0,0.0,0.0,0.0,0.0,0.0,0.0,0.0,0.0,0.0,0.0,0.0,0.0,0.0,0.0,0.0,0.0,0.0,0.0,0.0,0.0,0.0,0.0,0.0,17,0,17,0,24,7,19,2,15,1,21,1,24,0
1.921E14,1.922E14,1.923E14,1.924E14,1.925E14,1.926E14,1.927E14,1.928E14,1.929E14,0.0,0.0,0.0,0.0,0.0,0.0,0.0,0.0,0.0,0.0,0.0,0.0,0.0,0.0,0.0,0.0,0.0,0.0,0.0,0.0,0.0,0.0,0.0,0.0,0.0,0.0,0.0,0.0,0.0,0.0,0.0,16,0,19,3,24,4,19,1,14,2,21,1,24,0
1.921E14,1.922E14,1.923E14,1.924E14,1.925E14,1.926E14,1.927E14,1.928E14,1.929E14,0.0,0.0,0.0,0.0,0.0,0.0,0.0,0.0,0.0,0.0,0.0,0.0,0.0,0.0,0.0,0.0,0.0,0.0,0.0,0.0,0.0,0.0,0.0,0.0,0.0,0.0,0.0,0.0,0.0,0.0,0.0,15,0,15,3,24,4,24,2,15,2,22,2,24,0
1.921E14,1.922E14,1.923E14,1.924E14,1.925E14,1.926E14,1.927E14,1.928E14,1.929E14,0.0,0.0,0.0,0.0,0.0,0.0,0.0,0.0,0.0,0.0,0.0,0.0,0.0,0.0,0.0,0.0,0.0,0.0,0.0,0.0,0.0,0.0,0.0,0.0,0.0,0.0,0.0,0.0,0.0,0.0,0.0,15,0,19,3,24,4,19,2,15,1,22,2,24,0
1.921E14,1.922E14,1.923E14,1.924E14,1.925E14,1.926E14,1.927E14,1.928E14,1.929E14,0.0,0.0,0.0,0.0,0.0,0.0,0.0,0.0,0.0,0.0,0.0,0.0,0.0,0.0,0.0,0.0,0.0,0.0,0.0,0.0,0.0,0.0,0.0,0.0,0.0,0.0,0.0,0.0,0.0,0.0,0.0,15,1,20,3,24,4,19,1,14,2,22,1,24,0
1.921E14,1.922E14,1.923E14,1.924E14,1.925E14,1.926E14,1.927E14,1.928E14,1.929E14,0.0,0.0,0.0,0.0,0.0,0.0,0.0,0.0,0.0,0.0,0.0,0.0,0.0,0.0,0.0,0.0,0.0,0.0,0.0,0.0,0.0,0.0,0.0,0.0,0.0,0.0,0.0,0.0,0.0,0.0,0.0,15,3,22,3,23,5,19,1,15,1,21,0,24,0
1.921E14,1.922E14,1.923E14,1.924E14,1.925E14,1.926E14,1.927E14,1.928E14,1.929E14,0.0,0.0,0.0,0.0,0.0,0.0,0.0,0.0,0.0,0.0,0.0,0.0,0.0,0.0,0.0,0.0,0.0,0.0,0.0,0.0,0.0,0.0,0.0,0.0,0.0,0.0,0.0,0.0,0.0,0.0,0.0,15,3,22,3,23,4,19,1,15,2,21,0,24,0
1.921E14,1.922E14,1.923E14,1.924E14,1.925E14,1.926E14,1.927E14,1.928E14,1.929E14,0.0,0.0,0.0,0.0,0.0,0.0,0.0,0.0,0.0,0.0,0.0,0.0,0.0,0.0,0.0,0.0,0.0,0.0,0.0,0.0,0.0,0.0,0.0,0.0,0.0,0.0,0.0,0.0,0.0,0.0,0.0,15,3,22,3,23,4,19,1,15,1,21,1,24,0
1.921E14,1.922E14,1.923E14,1.924E14,1.925E14,1.926E14,1.927E14,1.928E14,1.929E14,0.0,0.0,0.0,0.0,0.0,0.0,0.0,0.0,0.0,0.0,0.0,0.0,0.0,0.0,0.0,0.0,0.0,0.0,0.0,0.0,0.0,0.0,0.0,0.0,0.0,0.0,0.0,0.0,0.0,0.0,0.0,15,3,21,3,18,4,24,1,16,1,21,1,24,0
1.921E14,1.922E14,1.923E14,1.924E14,1.925E14,1.926E14,1.927E14,1.928E14,1.929E14,0.0,0.0,0.0,0.0,0.0,0.0,0.0,0.0,0.0,0.0,0.0,0.0,0.0,0.0,0.0,0.0,0.0,0.0,0.0,0.0,0.0,0.0,0.0,0.0,0.0,0.0,0.0,0.0,0.0,0.0,0.0,15,3,22,3,24,4,19,1,14,1,21,1,24,0
1.921E14,1.922E14,1.923E14,1.924E14,1.925E14,1.926E14,1.927E14,1.928E14,1.929E14,0.0,0.0,0.0,0.0,0.0,0.0,0.0,0.0,0.0,0.0,0.0,0.0,0.0,0.0,0.0,0.0,0.0,0.0,0.0,0.0,0.0,0.0,0.0,0.0,0.0,0.0,0.0,0.0,0.0,0.0,0.0,15,2,22,3,24,4,19,1,14,1,21,2,24,0
1.921E14,1.922E14,1.923E14,1.924E14,1.925E14,1.926E14,1.927E14,1.928E14,1.929E14,0.0,0.0,0.0,0.0,0.0,0.0,0.0,0.0,0.0,0.0,0.0,0.0,0.0,0.0,0.0,0.0,0.0,0.0,0.0,0.0,0.0,0.0,0.0,0.0,0.0,0.0,0.0,0.0,0.0,0.0,0.0,15,3,17,3,24,4,24,1,15,1,21,2,24,0
1.921E14,1.922E14,1.923E14,1.924E14,1.925E14,1.926E14,1.927E14,1.928E14,1.929E14,0.0,0.0,0.0,0.0,0.0,0.0,0.0,0.0,0.0,0.0,0.0,0.0,0.0,0.0,0.0,0.0,0.0,0.0,0.0,0.0,0.0,0.0,0.0,0.0,0.0,0.0,0.0,0.0,0.0,0.0,0.0,15,3,23,3,23,4,19,2,15,2,21,0,24,0
1.921E14,1.922E14,1.923E14,1.924E14,1.925E14,1.926E14,1.927E14,1.928E14,1.929E14,0.0,0.0,0.0,0.0,0.0,0.0,0.0,0.0,0.0,0.0,0.0,0.0,0.0,0.0,0.0,0.0,0.0,0.0,0.0,0.0,0.0,0.0,0.0,0.0,0.0,0.0,0.0,0.0,0.0,0.0,0.0,15,3,23,3,23,4,19,2,15,1,21,1,24,0
1.921E14,1.922E14,1.923E14,1.924E14,1.925E14,1.926E14,1.927E14,1.928E14,1.929E14,0.0,0.0,0.0,0.0,0.0,0.0,0.0,0.0,0.0,0.0,0.0,0.0,0.0,0.0,0.0,0.0,0.0,0.0,0.0,0.0,0.0,0.0,0.0,0.0,0.0,0.0,0.0,0.0,0.0,0.0,0.0,15,3,22,3,24,4,19,1,15,1,21,2,24,0
1.921E14,1.922E14,1.923E14,1.924E14,1.925E14,1.926E14,1.927E14,1.928E14,1.929E14,0.0,0.0,0.0,0.0,0.0,0.0,0.0,0.0,0.0,0.0,0.0,0.0,0.0,0.0,0.0,0.0,0.0,0.0,0.0,0.0,0.0,0.0,0.0,0.0,0.0,0.0,0.0,0.0,0.0,0.0,0.0,15,3,22,0,24,4,19,1,15,5,21,1,24,0
1.921E14,1.922E14,1.923E14,1.924E14,1.925E14,1.926E14,1.927E14,1.928E14,1.929E14,0.0,0.0,0.0,0.0,0.0,0.0,0.0,0.0,0.0,0.0,0.0,0.0,0.0,0.0,0.0,0.0,0.0,0.0,0.0,0.0,0.0,0.0,0.0,0.0,0.0,0.0,0.0,0.0,0.0,0.0,0.0,15,1,23,3,24,7,19,1,14,1,21,1,24,0
1.921E14,1.922E14,1.923E14,1.924E14,1.925E14,1.926E14,1.927E14,1.928E14,1.929E14,0.0,0.0,0.0,0.0,0.0,0.0,0.0,0.0,0.0,0.0,0.0,0.0,0.0,0.0,0.0,0.0,0.0,0.0,0.0,0.0,0.0,0.0,0.0,0.0,0.0,0.0,0.0,0.0,0.0,0.0,0.0,15,3,18,3,24,4,24,2,15,2,21,1,24,0
1.921E14,1.922E14,1.923E14,1.924E14,1.925E14,1.926E14,1.927E14,1.928E14,1.929E14,0.0,0.0,0.0,0.0,0.0,0.0,0.0,0.0,0.0,0.0,0.0,0.0,0.0,0.0,0.0,0.0,0.0,0.0,0.0,0.0,0.0,0.0,0.0,0.0,0.0,0.0,0.0,0.0,0.0,0.0,0.0,15,0,18,3,24,7,24,2,15,2,21,1,24,0
1.921E14,1.922E14,1.923E14,1.924E14,1.925E14,1.926E14,1.927E14,1.928E14,1.929E14,0.0,0.0,0.0,0.0,0.0,0.0,0.0,0.0,0.0,0.0,0.0,0.0,0.0,0.0,0.0,0.0,0.0,0.0,0.0,0.0,0.0,0.0,0.0,0.0,0.0,0.0,0.0,0.0,0.0,0.0,0.0,22,3,14,2,24,4,19,2,16,1,21,2,24,0
1.921E14,1.922E14,1.923E14,1.924E14,1.925E14,1.926E14,1.927E14,1.928E14,1.929E14,1.93E14,0.0,0.0,0.0,0.0,0.0,0.0,0.0,0.0,0.0,0.0,0.0,0.0,0.0,0.0,0.0,0.0,0.0,0.0,0.0,0.0,0.0,0.0,0.0,0.0,0.0,0.0,0.0,0.0,0.0,0.0,14,2,23,7,20,4,24,0,18,3,19,0,24,0
1.921E14,1.922E14,1.923E14,1.924E14,1.925E14,1.926E14,1.927E14,1.928E14,1.929E14,1.93E14,0.0,0.0,0.0,0.0,0.0,0.0,0.0,0.0,0.0,0.0,0.0,0.0,0.0,0.0,0.0,0.0,0.0,0.0,0.0,0.0,0.0,0.0,0.0,0.0,0.0,0.0,0.0,0.0,0.0,0.0,19,2,24,0,22,8,18,0,15,3,21,4,24,0
1.921E14,1.922E14,1.923E14,1.924E14,1.925E14,1.926E14,1.927E14,1.928E14,1.929E14,1.93E14,0.0,0.0,0.0,0.0,0.0,0.0,0.0,0.0,0.0,0.0,0.0,0.0,0.0,0.0,0.0,0.0,0.0,0.0,0.0,0.0,0.0,0.0,0.0,0.0,0.0,0.0,0.0,0.0,0.0,0.0,14,2,23,4,23,5,23,0,18,4,19,3,24,0
1.921E14,1.922E14,1.923E14,1.924E14,1.925E14,1.926E14,1.927E14,1.928E14,1.929E14,1.93E14,0.0,0.0,0.0,0.0,0.0,0.0,0.0,0.0,0.0,0.0,0.0,0.0,0.0,0.0,0.0,0.0,0.0,0.0,0.0,0.0,0.0,0.0,0.0,0.0,0.0,0.0,0.0,0.0,0.0,0.0,19,2,15,3,23,8,23,0,18,3,24,4,24,0
1.921E14,1.922E14,1.923E14,1.924E14,1.925E14,1.926E14,1.927E14,1.928E14,1.929E14,1.93E14,0.0,0.0,0.0,0.0,0.0,0.0,0.0,0.0,0.0,0.0,0.0,0.0,0.0,0.0,0.0,0.0,0.0,0.0,0.0,0.0,0.0,0.0,0.0,0.0,0.0,0.0,0.0,0.0,0.0,0.0,19,3,20,5,23,8,23,0,23,1,15,4,24,0
1.921E14,1.922E14,1.923E14,1.924E14,1.925E14,1.926E14,1.927E14,1.928E14,1.929E14,1.93E14,0.0,0.0,0.0,0.0,0.0,0.0,0.0,0.0,0.0,0.0,0.0,0.0,0.0,0.0,0.0,0.0,0.0,0.0,0.0,0.0,0.0,0.0,0.0,0.0,0.0,0.0,0.0,0.0,0.0,0.0,14,2,23,6,23,8,23,0,18,3,24,4,24,0
1.921E14,1.922E14,1.923E14,1.924E14,1.925E14,1.926E14,1.927E14,1.928E14,1.929E14,1.93E14,0.0,0.0,0.0,0.0,0.0,0.0,0.0,0.0,0.0,0.0,0.0,0.0,0.0,0.0,0.0,0.0,0.0,0.0,0.0,0.0,0.0,0.0,0.0,0.0,0.0,0.0,0.0,0.0,0.0,0.0,14,2,23,6,21,7,24,7,21,3,24,0,24,0
1.921E14,1.922E14,1.923E14,1.924E14,1.925E14,1.926E14,1.927E14,1.928E14,1.929E14,1.93E14,0.0,0.0,0.0,0.0,0.0,0.0,0.0,0.0,0.0,0.0,0.0,0.0,0.0,0.0,0.0,0.0,0.0,0.0,0.0,0.0,0.0,0.0,0.0,0.0,0.0,0.0,0.0,0.0,0.0,0.0,22,3,23,5,24,8,20,1,20,1,15,4,24,0
1.921E14,1.922E14,1.923E14,1.924E14,1.925E14,1.926E14,1.927E14,1.928E14,1.929E14,1.93E14,0.0,0.0,0.0,0.0,0.0,0.0,0.0,0.0,0.0,0.0,0.0,0.0,0.0,0.0,0.0,0.0,0.0,0.0,0.0,0.0,0.0,0.0,0.0,0.0,0.0,0.0,0.0,0.0,0.0,0.0,21,3,23,7,20,7,24,0,14,4,24,3,24,0
1.921E14,1.922E14,1.923E14,1.924E14,1.925E14,1.926E14,1.927E14,1.928E14,1.929E14,1.93E14,0.0,0.0,0.0,0.0,0.0,0.0,0.0,0.0,0.0,0.0,0.0,0.0,0.0,0.0,0.0,0.0,0.0,0.0,0.0,0.0,0.0,0.0,0.0,0.0,0.0,0.0,0.0,0.0,0.0,0.0,19,3,23,4,23,5,23,3,18,4,19,4,24,0
1.921E14,1.922E14,1.923E14,1.924E14,1.925E14,1.926E14,1.927E14,1.928E14,1.929E14,1.93E14,0.0,0.0,0.0,0.0,0.0,0.0,0.0,0.0,0.0,0.0,0.0,0.0,0.0,0.0,0.0,0.0,0.0,0.0,0.0,0.0,0.0,0.0,0.0,0.0,0.0,0.0,0.0,0.0,0.0,0.0,19,2,24,6,22,8,23,0,15,3,23,5,24,0
1.921E14,1.922E14,1.923E14,1.924E14,1.925E14,1.926E14,1.927E14,1.928E14,1.929E14,1.93E14,0.0,0.0,0.0,0.0,0.0,0.0,0.0,0.0,0.0,0.0,0.0,0.0,0.0,0.0,0.0,0.0,0.0,0.0,0.0,0.0,0.0,0.0,0.0,0.0,0.0,0.0,0.0,0.0,0.0,0.0,22,9,17,0,23,9,23,0,20,3,22,4,24,0
1.921E14,1.922E14,1.923E14,1.924E14,1.925E14,1.926E14,1.927E14,1.928E14,1.929E14,1.93E14,0.0,0.0,0.0,0.0,0.0,0.0,0.0,0.0,0.0,0.0,0.0,0.0,0.0,0.0,0.0,0.0,0.0,0.0,0.0,0.0,0.0,0.0,0.0,0.0,0.0,0.0,0.0,0.0,0.0,0.0,21,2,23,7,22,9,23,1,18,4,20,2,24,0
1.921E14,1.922E14,1.923E14,1.924E14,1.925E14,1.926E14,1.927E14,1.928E14,1.929E14,1.93E14,0.0,0.0,0.0,0.0,0.0,0.0,0.0,0.0,0.0,0.0,0.0,0.0,0.0,0.0,0.0,0.0,0.0,0.0,0.0,0.0,0.0,0.0,0.0,0.0,0.0,0.0,0.0,0.0,0.0,0.0,19,9,18,3,23,8,23,0,23,3,23,4,24,0
1.921E14,1.922E14,1.923E14,1.924E14,1.925E14,1.926E14,1.927E14,1.928E14,1.929E14,1.93E14,1.931E14,1.932E14,1.933E14,1.934E14,1.935E14,0.0,0.0,0.0,0.0,0.0,0.0,0.0,0.0,0.0,0.0,0.0,0.0,0.0,0.0,0.0,0.0,0.0,0.0,0.0,0.0,0.0,0.0,0.0,0.0,0.0,15,5,16,1,22,3,23,1,19,0,17,0,24,0
1.921E14,1.922E14,1.923E14,1.924E14,1.925E14,1.926E14,1.927E14,1.928E14,1.929E14,1.93E14,1.931E14,1.932E14,1.933E14,1.934E14,1.935E14,0.0,0.0,0.0,0.0,0.0,0.0,0.0,0.0,0.0,0.0,0.0,0.0,0.0,0.0,0.0,0.0,0.0,0.0,0.0,0.0,0.0,0.0,0.0,0.0,0.0,14,5,18,2,22,3,23,1,19,0,17,0,24,0
1.921E14,1.922E14,1.923E14,1.924E14,1.925E14,1.926E14,1.927E14,1.928E14,1.929E14,1.93E14,1.931E14,1.932E14,1.933E14,1.934E14,1.935E14,0.0,0.0,0.0,0.0,0.0,0.0,0.0,0.0,0.0,0.0,0.0,0.0,0.0,0.0,0.0,0.0,0.0,0.0,0.0,0.0,0.0,0.0,0.0,0.0,0.0,14,6,18,1,23,3,23,1,19,0,16,0,24,0
1.921E14,1.922E14,1.923E14,1.924E14,1.925E14,1.926E14,1.927E14,1.928E14,1.929E14,1.93E14,1.931E14,1.932E14,1.933E14,1.934E14,1.935E14,0.0,0.0,0.0,0.0,0.0,0.0,0.0,0.0,0.0,0.0,0.0,0.0,0.0,0.0,0.0,0.0,0.0,0.0,0.0,0.0,0.0,0.0,0.0,0.0,0.0,19,2,19,6,23,2,19,1,17,0,16,0,24,0
1.921E14,1.922E14,1.923E14,1.924E14,1.925E14,1.926E14,1.927E14,1.928E14,1.929E14,1.93E14,1.931E14,1.932E14,1.933E14,1.934E14,1.935E14,0.0,0.0,0.0,0.0,0.0,0.0,0.0,0.0,0.0,0.0,0.0,0.0,0.0,0.0,0.0,0.0,0.0,0.0,0.0,0.0,0.0,0.0,0.0,0.0,0.0,14,6,15,1,23,2,24,1,20,0,21,5,24,0
1.921E14,1.922E14,1.923E14,1.924E14,1.925E14,1.926E14,1.927E14,1.928E14,1.929E14,1.93E14,1.931E14,1.932E14,1.933E14,1.934E14,1.935E14,0.0,0.0,0.0,0.0,0.0,0.0,0.0,0.0,0.0,0.0,0.0,0.0,0.0,0.0,0.0,0.0,0.0,0.0,0.0,0.0,0.0,0.0,0.0,0.0,0.0,14,6,19,1,22,2,23,0,19,3,18,1,24,0
1.921E14,1.922E14,1.923E14,1.924E14,1.925E14,1.926E14,1.927E14,1.928E14,1.929E14,1.93E14,1.931E14,1.932E14,1.933E14,1.934E14,1.935E14,0.0,0.0,0.0,0.0,0.0,0.0,0.0,0.0,0.0,0.0,0.0,0.0,0.0,0.0,0.0,0.0,0.0,0.0,0.0,0.0,0.0,0.0,0.0,0.0,0.0,14,5,19,1,22,2,23,1,19,3,18,1,24,0
1.921E14,1.922E14,1.923E14,1.924E14,1.925E14,1.926E14,1.927E14,1.928E14,1.929E14,1.93E14,1.931E14,1.932E14,1.933E14,1.934E14,1.935E14,0.0,0.0,0.0,0.0,0.0,0.0,0.0,0.0,0.0,0.0,0.0,0.0,0.0,0.0,0.0,0.0,0.0,0.0,0.0,0.0,0.0,0.0,0.0,0.0,0.0,14,5,19,1,23,1,19,1,19,0,21,5,24,0
1.921E14,1.922E14,1.923E14,1.924E14,1.925E14,1.926E14,1.927E14,1.928E14,1.929E14,1.93E14,1.931E14,1.932E14,1.933E14,1.934E14,1.935E14,0.0,0.0,0.0,0.0,0.0,0.0,0.0,0.0,0.0,0.0,0.0,0.0,0.0,0.0,0.0,0.0,0.0,0.0,0.0,0.0,0.0,0.0,0.0,0.0,0.0,14,2,19,1,23,2,24,1,17,7,18,0,24,0
1.921E14,1.922E14,1.923E14,1.924E14,1.925E14,1.926E14,1.927E14,1.928E14,1.929E14,1.93E14,1.931E14,1.932E14,1.933E14,1.934E14,1.935E14,0.0,0.0,0.0,0.0,0.0,0.0,0.0,0.0,0.0,0.0,0.0,0.0,0.0,0.0,0.0,0.0,0.0,0.0,0.0,0.0,0.0,0.0,0.0,0.0,0.0,14,7,20,1,23,1,23,1,19,0,17,4,24,0
1.921E14,1.922E14,1.923E14,1.924E14,1.925E14,1.926E14,1.927E14,1.928E14,1.929E14,1.93E14,1.931E14,1.932E14,1.933E14,1.934E14,1.935E14,0.0,0.0,0.0,0.0,0.0,0.0,0.0,0.0,0.0,0.0,0.0,0.0,0.0,0.0,0.0,0.0,0.0,0.0,0.0,0.0,0.0,0.0,0.0,0.0,0.0,15,6,19,2,22,3,24,1,19,0,17,2,24,0
1.921E14,1.922E14,1.923E14,1.924E14,1.925E14,1.926E14,1.927E14,1.928E14,1.929E14,1.93E14,1.931E14,1.932E14,1.933E14,1.934E14,1.935E14,0.0,0.0,0.0,0.0,0.0,0.0,0.0,0.0,0.0,0.0,0.0,0.0,0.0,0.0,0.0,0.0,0.0,0.0,0.0,0.0,0.0,0.0,0.0,0.0,0.0,14,6,18,1,23,2,24,1,19,1,18,3,24,0
1.921E14,1.922E14,1.923E14,1.924E14,1.925E14,1.926E14,1.927E14,1.928E14,1.929E14,1.93E14,1.931E14,1.932E14,1.933E14,1.934E14,1.935E14,0.0,0.0,0.0,0.0,0.0,0.0,0.0,0.0,0.0,0.0,0.0,0.0,0.0,0.0,0.0,0.0,0.0,0.0,0.0,0.0,0.0,0.0,0.0,0.0,0.0,14,5,19,1,23,2,19,1,20,0,21,5,24,0
1.921E14,1.922E14,1.923E14,1.924E14,1.925E14,1.926E14,1.927E14,1.928E14,1.929E14,1.93E14,1.931E14,1.932E14,1.933E14,1.934E14,1.935E14,0.0,0.0,0.0,0.0,0.0,0.0,0.0,0.0,0.0,0.0,0.0,0.0,0.0,0.0,0.0,0.0,0.0,0.0,0.0,0.0,0.0,0.0,0.0,0.0,0.0,14,5,19,1,23,3,23,1,19,3,18,1,24,0
1.921E14,1.922E14,1.923E14,1.924E14,1.925E14,1.926E14,1.927E14,1.928E14,1.929E14,1.93E14,1.931E14,1.932E14,1.933E14,1.934E14,1.935E14,0.0,0.0,0.0,0.0,0.0,0.0,0.0,0.0,0.0,0.0,0.0,0.0,0.0,0.0,0.0,0.0,0.0,0.0,0.0,0.0,0.0,0.0,0.0,0.0,0.0,14,1,19,1,23,2,19,6,24,3,17,1,24,0
1.921E14,1.922E14,1.923E14,1.924E14,1.925E14,1.926E14,1.927E14,1.928E14,1.929E14,1.93E14,1.931E14,1.932E14,1.933E14,1.934E14,1.935E14,0.0,0.0,0.0,0.0,0.0,0.0,0.0,0.0,0.0,0.0,0.0,0.0,0.0,0.0,0.0,0.0,0.0,0.0,0.0,0.0,0.0,0.0,0.0,0.0,0.0,14,0,19,1,23,2,24,6,19,3,17,2,24,0
1.921E14,1.922E14,1.923E14,1.924E14,1.925E14,1.926E14,1.927E14,1.928E14,1.929E14,1.93E14,1.931E14,1.932E14,1.933E14,1.934E14,1.935E14,0.0,0.0,0.0,0.0,0.0,0.0,0.0,0.0,0.0,0.0,0.0,0.0,0.0,0.0,0.0,0.0,0.0,0.0,0.0,0.0,0.0,0.0,0.0,0.0,0.0,14,5,20,1,23,5,19,1,24,3,17,0,24,0
1.921E14,1.922E14,1.923E14,1.924E14,1.925E14,1.926E14,1.927E14,1.928E14,1.929E14,1.93E14,1.931E14,1.932E14,1.933E14,1.934E14,1.935E14,0.0,0.0,0.0,0.0,0.0,0.0,0.0,0.0,0.0,0.0,0.0,0.0,0.0,0.0,0.0,0.0,0.0,0.0,0.0,0.0,0.0,0.0,0.0,0.0,0.0,14,5,19,1,23,5,24,1,19,3,18,0,24,0
1.921E14,1.922E14,1.923E14,1.924E14,1.925E14,1.926E14,1.927E14,1.928E14,1.929E14,1.93E14,1.931E14,1.932E14,1.933E14,1.934E14,1.935E14,0.0,0.0,0.0,0.0,0.0,0.0,0.0,0.0,0.0,0.0,0.0,0.0,0.0,0.0,0.0,0.0,0.0,0.0,0.0,0.0,0.0,0.0,0.0,0.0,0.0,14,5,19,1,23,2,24,1,19,0,18,6,24,0
1.921E14,1.922E14,1.923E14,1.924E14,1.925E14,1.926E14,1.927E14,1.928E14,1.929E14,1.93E14,1.931E14,1.932E14,1.933E14,1.934E14,1.935E14,0.0,0.0,0.0,0.0,0.0,0.0,0.0,0.0,0.0,0.0,0.0,0.0,0.0,0.0,0.0,0.0,0.0,0.0,0.0,0.0,0.0,0.0,0.0,0.0,0.0,15,10,19,1,23,1,24,1,19,0,18,3,24,0
1.921E14,1.922E14,1.923E14,1.924E14,1.925E14,1.926E14,1.927E14,1.928E14,1.929E14,1.93E14,1.931E14,1.932E14,1.933E14,1.934E14,1.935E14,0.0,0.0,0.0,0.0,0.0,0.0,0.0,0.0,0.0,0.0,0.0,0.0,0.0,0.0,0.0,0.0,0.0,0.0,0.0,0.0,0.0,0.0,0.0,0.0,0.0,14,6,21,1,23,2,19,6,24,0,17,1,24,0
1.921E14,1.922E14,1.923E14,1.924E14,1.925E14,1.926E14,1.927E14,1.928E14,1.929E14,1.93E14,1.931E14,1.932E14,1.933E14,1.934E14,1.935E14,0.0,0.0,0.0,0.0,0.0,0.0,0.0,0.0,0.0,0.0,0.0,0.0,0.0,0.0,0.0,0.0,0.0,0.0,0.0,0.0,0.0,0.0,0.0,0.0,0.0,14,7,20,1,23,2,24,1,19,0,18,5,24,0
1.921E14,1.922E14,1.923E14,1.924E14,1.925E14,1.926E14,1.927E14,1.928E14,1.929E14,1.93E14,1.931E14,1.932E14,1.933E14,1.934E14,1.935E14,0.0,0.0,0.0,0.0,0.0,0.0,0.0,0.0,0.0,0.0,0.0,0.0,0.0,0.0,0.0,0.0,0.0,0.0,0.0,0.0,0.0,0.0,0.0,0.0,0.0,14,6,18,1,23,2,24,1,19,3,20,3,24,0
1.921E14,1.922E14,1.923E14,1.924E14,1.925E14,1.926E14,1.927E14,1.928E14,1.929E14,1.93E14,1.931E14,1.932E14,1.933E14,1.934E14,1.935E14,0.0,0.0,0.0,0.0,0.0,0.0,0.0,0.0,0.0,0.0,0.0,0.0,0.0,0.0,0.0,0.0,0.0,0.0,0.0,0.0,0.0,0.0,0.0,0.0,0.0,15,6,18,1,23,2,19,1,24,6,19,0,24,0
1.921E14,1.922E14,1.923E14,1.924E14,1.925E14,1.926E14,1.927E14,1.928E14,1.929E14,1.93E14,1.931E14,1.932E14,1.933E14,1.934E14,1.935E14,0.0,0.0,0.0,0.0,0.0,0.0,0.0,0.0,0.0,0.0,0.0,0.0,0.0,0.0,0.0,0.0,0.0,0.0,0.0,0.0,0.0,0.0,0.0,0.0,0.0,14,5,18,1,22,6,23,5,24,0,18,0,24,0
1.921E14,1.922E14,1.923E14,1.924E14,1.925E14,1.926E14,1.927E14,1.928E14,1.929E14,1.93E14,1.931E14,1.932E14,1.933E14,1.934E14,1.935E14,0.0,0.0,0.0,0.0,0.0,0.0,0.0,0.0,0.0,0.0,0.0,0.0,0.0,0.0,0.0,0.0,0.0,0.0,0.0,0.0,0.0,0.0,0.0,0.0,0.0,15,5,19,1,23,2,24,6,19,0,18,2,24,0
1.921E14,1.922E14,1.923E14,1.924E14,1.925E14,1.926E14,1.927E14,1.928E14,1.929E14,1.93E14,1.931E14,1.932E14,1.933E14,1.934E14,1.935E14,0.0,0.0,0.0,0.0,0.0,0.0,0.0,0.0,0.0,0.0,0.0,0.0,0.0,0.0,0.0,0.0,0.0,0.0,0.0,0.0,0.0,0.0,0.0,0.0,0.0,14,6,18,1,23,3,23,6,24,0,17,1,24,0
1.921E14,1.922E14,1.923E14,1.924E14,1.925E14,1.926E14,1.927E14,1.928E14,1.929E14,1.93E14,1.931E14,1.932E14,1.933E14,1.934E14,1.935E14,0.0,0.0,0.0,0.0,0.0,0.0,0.0,0.0,0.0,0.0,0.0,0.0,0.0,0.0,0.0,0.0,0.0,0.0,0.0,0.0,0.0,0.0,0.0,0.0,0.0,15,6,19,1,23,5,19,1,19,3,24,1,24,0
1.921E14,1.922E14,1.923E14,1.924E14,1.925E14,1.926E14,1.927E14,1.928E14,1.929E14,1.93E14,1.931E14,1.932E14,1.933E14,1.934E14,1.935E14,0.0,0.0,0.0,0.0,0.0,0.0,0.0,0.0,0.0,0.0,0.0,0.0,0.0,0.0,0.0,0.0,0.0,0.0,0.0,0.0,0.0,0.0,0.0,0.0,0.0,14,10,19,1,23,2,23,1,24,3,17,1,24,0
1.921E14,1.922E14,1.923E14,1.924E14,1.925E14,1.926E14,1.927E14,1.928E14,1.929E14,1.93E14,1.931E14,1.932E14,1.933E14,1.934E14,1.935E14,0.0,0.0,0.0,0.0,0.0,0.0,0.0,0.0,0.0,0.0,0.0,0.0,0.0,0.0,0.0,0.0,0.0,0.0,0.0,0.0,0.0,0.0,0.0,0.0,0.0,15,6,19,1,23,2,24,6,20,0,18,2,24,0
1.921E14,1.922E14,1.923E14,1.924E14,1.925E14,1.926E14,1.927E14,1.928E14,1.929E14,1.93E14,1.931E14,1.932E14,1.933E14,1.934E14,1.935E14,1.936E14,1.937E14,1.938E14,1.939E14,1.94E14,0.0,0.0,0.0,0.0,0.0,0.0,0.0,0.0,0.0,0.0,0.0,0.0,0.0,0.0,0.0,0.0,0.0,0.0,0.0,0.0,20,0,22,4,15,4,15,2,22,0,19,1,24,0
1.921E14,1.922E14,1.923E14,1.924E14,1.925E14,1.926E14,1.927E14,1.928E14,1.929E14,1.93E14,1.931E14,1.932E14,1.933E14,1.934E14,1.935E14,1.936E14,1.937E14,1.938E14,1.939E14,1.94E14,0.0,0.0,0.0,0.0,0.0,0.0,0.0,0.0,0.0,0.0,0.0,0.0,0.0,0.0,0.0,0.0,0.0,0.0,0.0,0.0,20,2,22,3,20,6,15,2,20,0,19,1,24,0
1.921E14,1.922E14,1.923E14,1.924E14,1.925E14,1.926E14,1.927E14,1.928E14,1.929E14,1.93E14,1.931E14,1.932E14,1.933E14,1.934E14,1.935E14,1.936E14,1.937E14,1.938E14,1.939E14,1.94E14,0.0,0.0,0.0,0.0,0.0,0.0,0.0,0.0,0.0,0.0,0.0,0.0,0.0,0.0,0.0,0.0,0.0,0.0,0.0,0.0,20,5,23,3,16,4,19,2,20,0,18,0,24,0
1.921E14,1.922E14,1.923E14,1.924E14,1.925E14,1.926E14,1.927E14,1.928E14,1.929E14,1.93E14,1.931E14,1.932E14,1.933E14,1.934E14,1.935E14,1.936E14,1.937E14,1.938E14,1.939E14,1.94E14,0.0,0.0,0.0,0.0,0.0,0.0,0.0,0.0,0.0,0.0,0.0,0.0,0.0,0.0,0.0,0.0,0.0,0.0,0.0,0.0,20,4,23,2,15,7,15,2,23,0,22,1,24,0
1.921E14,1.922E14,1.923E14,1.924E14,1.925E14,1.926E14,1.927E14,1.928E14,1.929E14,1.93E14,1.931E14,1.932E14,1.933E14,1.934E14,1.935E14,1.936E14,1.937E14,1.938E14,1.939E14,1.94E14,0.0,0.0,0.0,0.0,0.0,0.0,0.0,0.0,0.0,0.0,0.0,0.0,0.0,0.0,0.0,0.0,0.0,0.0,0.0,0.0,20,2,21,3,14,7,19,1,20,1,23,1,24,0
1.921E14,1.922E14,1.923E14,1.924E14,1.925E14,1.926E14,1.927E14,1.928E14,1.929E14,1.93E14,1.931E14,1.932E14,1.933E14,1.934E14,1.935E14,1.936E14,1.937E14,1.938E14,1.939E14,1.94E14,0.0,0.0,0.0,0.0,0.0,0.0,0.0,0.0,0.0,0.0,0.0,0.0,0.0,0.0,0.0,0.0,0.0,0.0,0.0,0.0,20,4,21,2,15,8,19,2,21,0,22,0,24,0
1.921E14,1.922E14,1.923E14,1.924E14,1.925E14,1.926E14,1.927E14,1.928E14,1.929E14,1.93E14,1.931E14,1.932E14,1.933E14,1.934E14,1.935E14,1.936E14,1.937E14,1.938E14,1.939E14,1.94E14,0.0,0.0,0.0,0.0,0.0,0.0,0.0,0.0,0.0,0.0,0.0,0.0,0.0,0.0,0.0,0.0,0.0,0.0,0.0,0.0,20,5,22,3,24,4,18,2,15,0,18,1,24,0
1.921E14,1.922E14,1.923E14,1.924E14,1.925E14,1.926E14,1.927E14,1.928E14,1.929E14,1.93E14,1.931E14,1.932E14,1.933E14,1.934E14,1.935E14,1.936E14,1.937E14,1.938E14,1.939E14,1.94E14,0.0,0.0,0.0,0.0,0.0,0.0,0.0,0.0,0.0,0.0,0.0,0.0,0.0,0.0,0.0,0.0,0.0,0.0,0.0,0.0,20,3,22,5,24,4,18,2,14,0,19,1,24,0
1.921E14,1.922E14,1.923E14,1.924E14,1.925E14,1.926E14,1.927E14,1.928E14,1.929E14,1.93E14,1.931E14,1.932E14,1.933E14,1.934E14,1.935E14,1.936E14,1.937E14,1.938E14,1.939E14,1.94E14,0.0,0.0,0.0,0.0,0.0,0.0,0.0,0.0,0.0,0.0,0.0,0.0,0.0,0.0,0.0,0.0,0.0,0.0,0.0,0.0,20,4,22,2,16,7,15,3,23,0,23,1,24,0
1.921E14,1.922E14,1.923E14,1.924E14,1.925E14,1.926E14,1.927E14,1.928E14,1.929E14,1.93E14,1.931E14,1.932E14,1.933E14,1.934E14,1.935E14,1.936E14,1.937E14,1.938E14,1.939E14,1.94E14,0.0,0.0,0.0,0.0,0.0,0.0,0.0,0.0,0.0,0.0,0.0,0.0,0.0,0.0,0.0,0.0,0.0,0.0,0.0,0.0,20,2,22,3,15,6,18,3,21,1,22,1,24,0
1.921E14,1.922E14,1.923E14,1.924E14,1.925E14,1.926E14,1.927E14,1.928E14,1.929E14,1.93E14,1.931E14,1.932E14,1.933E14,1.934E14,1.935E14,1.936E14,1.937E14,1.938E14,1.939E14,1.94E14,0.0,0.0,0.0,0.0,0.0,0.0,0.0,0.0,0.0,0.0,0.0,0.0,0.0,0.0,0.0,0.0,0.0,0.0,0.0,0.0,20,2,22,3,15,6,18,3,20,1,23,1,24,0
1.921E14,1.922E14,1.923E14,1.924E14,1.925E14,1.926E14,1.927E14,1.928E14,1.929E14,1.93E14,1.931E14,1.932E14,1.933E14,1.934E14,1.935E14,1.936E14,1.937E14,1.938E14,1.939E14,1.94E14,0.0,0.0,0.0,0.0,0.0,0.0,0.0,0.0,0.0,0.0,0.0,0.0,0.0,0.0,0.0,0.0,0.0,0.0,0.0,0.0,20,3,23,4,20,6,15,2,21,0,19,1,24,0
1.921E14,1.922E14,1.923E14,1.924E14,1.925E14,1.926E14,1.927E14,1.928E14,1.929E14,1.93E14,1.931E14,1.932E14,1.933E14,1.934E14,1.935E14,1.936E14,1.937E14,1.938E14,1.939E14,1.94E14,0.0,0.0,0.0,0.0,0.0,0.0,0.0,0.0,0.0,0.0,0.0,0.0,0.0,0.0,0.0,0.0,0.0,0.0,0.0,0.0,20,3,21,3,15,8,19,2,21,1,23,0,24,0
1.921E14,1.922E14,1.923E14,1.924E14,1.925E14,1.926E14,1.927E14,1.928E14,1.929E14,1.93E14,1.931E14,1.932E14,1.933E14,1.934E14,1.935E14,1.936E14,1.937E14,1.938E14,1.939E14,1.94E14,0.0,0.0,0.0,0.0,0.0,0.0,0.0,0.0,0.0,0.0,0.0,0.0,0.0,0.0,0.0,0.0,0.0,0.0,0.0,0.0,20,3,21,3,15,7,19,3,21,1,23,0,24,0
1.921E14,1.922E14,1.923E14,1.924E14,1.925E14,1.926E14,1.927E14,1.928E14,1.929E14,1.93E14,1.931E14,1.932E14,1.933E14,1.934E14,1.935E14,1.936E14,1.937E14,1.938E14,1.939E14,1.94E14,0.0,0.0,0.0,0.0,0.0,0.0,0.0,0.0,0.0,0.0,0.0,0.0,0.0,0.0,0.0,0.0,0.0,0.0,0.0,0.0,20,3,21,4,18,6,19,2,18,1,22,0,24,0
1.921E14,1.922E14,1.923E14,1.924E14,1.925E14,1.926E14,1.927E14,1.928E14,1.929E14,1.93E14,1.931E14,1.932E14,1.933E14,1.934E14,1.935E14,1.936E14,1.937E14,1.938E14,1.939E14,1.94E14,0.0,0.0,0.0,0.0,0.0,0.0,0.0,0.0,0.0,0.0,0.0,0.0,0.0,0.0,0.0,0.0,0.0,0.0,0.0,0.0,23,2,19,4,20,0,15,4,22,0,19,6,24,0
1.921E14,1.922E14,1.923E14,1.924E14,1.925E14,1.926E14,1.927E14,1.928E14,1.929E14,1.93E14,1.931E14,1.932E14,1.933E14,1.934E14,1.935E14,1.936E14,1.937E14,1.938E14,1.939E14,1.94E14,0.0,0.0,0.0,0.0,0.0,0.0,0.0,0.0,0.0,0.0,0.0,0.0,0.0,0.0,0.0,0.0,0.0,0.0,0.0,0.0,20,3,22,4,19,7,19,2,19,0,19,0,24,0
1.921E14,1.922E14,1.923E14,1.924E14,1.925E14,1.926E14,1.927E14,1.928E14,1.929E14,1.93E14,1.931E14,1.932E14,1.933E14,1.934E14,1.935E14,1.936E14,1.937E14,1.938E14,1.939E14,1.94E14,0.0,0.0,0.0,0.0,0.0,0.0,0.0,0.0,0.0,0.0,0.0,0.0,0.0,0.0,0.0,0.0,0.0,0.0,0.0,0.0,20,3,21,3,16,7,19,2,20,1,23,1,24,0
1.921E14,1.922E14,1.923E14,1.924E14,1.925E14,1.926E14,1.927E14,1.928E14,1.929E14,1.93E14,1.931E14,1.932E14,1.933E14,1.934E14,1.935E14,1.936E14,1.937E14,1.938E14,1.939E14,1.94E14,0.0,0.0,0.0,0.0,0.0,0.0,0.0,0.0,0.0,0.0,0.0,0.0,0.0,0.0,0.0,0.0,0.0,0.0,0.0,0.0,20,3,22,3,16,7,18,2,20,1,23,1,24,0
1.921E14,1.922E14,1.923E14,1.924E14,1.925E14,1.926E14,1.927E14,1.928E14,1.929E14,1.93E14,1.931E14,1.932E14,1.933E14,1.934E14,1.935E14,1.936E14,1.937E14,1.938E14,1.939E14,1.94E14,0.0,0.0,0.0,0.0,0.0,0.0,0.0,0.0,0.0,0.0,0.0,0.0,0.0,0.0,0.0,0.0,0.0,0.0,0.0,0.0,20,4,23,3,16,7,19,2,23,1,18,0,24,0
1.921E14,1.922E14,1.923E14,1.924E14,1.925E14,1.926E14,1.927E14,1.928E14,1.929E14,1.93E14,1.931E14,1.932E14,1.933E14,1.934E14,1.935E14,1.936E14,1.937E14,1.938E14,1.939E14,1.94E14,0.0,0.0,0.0,0.0,0.0,0.0,0.0,0.0,0.0,0.0,0.0,0.0,0.0,0.0,0.0,0.0,0.0,0.0,0.0,0.0,23,4,23,5,15,7,15,2,23,0,22,1,24,0
1.921E14,1.922E14,1.923E14,1.924E14,1.925E14,1.926E14,1.927E14,1.928E14,1.929E14,1.93E14,1.931E14,1.932E14,1.933E14,1.934E14,1.935E14,1.936E14,1.937E14,1.938E14,1.939E14,1.94E14,0.0,0.0,0.0,0.0,0.0,0.0,0.0,0.0,0.0,0.0,0.0,0.0,0.0,0.0,0.0,0.0,0.0,0.0,0.0,0.0,20,5,22,4,15,7,21,2,21,0,22,1,24,0
1.921E14,1.922E14,1.923E14,1.924E14,1.925E14,1.926E14,1.927E14,1.928E14,1.929E14,1.93E14,1.931E14,1.932E14,1.933E14,1.934E14,1.935E14,1.936E14,1.937E14,1.938E14,1.939E14,1.94E14,0.0,0.0,0.0,0.0,0.0,0.0,0.0,0.0,0.0,0.0,0.0,0.0,0.0,0.0,0.0,0.0,0.0,0.0,0.0,0.0,20,3,20,3,17,8,18,2,23,1,22,1,24,0
1.921E14,1.922E14,1.923E14,1.924E14,1.925E14,1.926E14,1.927E14,1.928E14,1.929E14,1.93E14,1.931E14,1.932E14,1.933E14,1.934E14,1.935E14,1.936E14,1.937E14,1.938E14,1.939E14,1.94E14,0.0,0.0,0.0,0.0,0.0,0.0,0.0,0.0,0.0,0.0,0.0,0.0,0.0,0.0,0.0,0.0,0.0,0.0,0.0,0.0,20,5,22,4,15,7,22,2,20,0,22,1,24,0
1.921E14,1.922E14,1.923E14,1.924E14,1.925E14,1.926E14,1.927E14,1.928E14,1.929E14,1.93E14,1.931E14,1.932E14,1.933E14,1.934E14,1.935E14,1.936E14,1.937E14,1.938E14,1.939E14,1.94E14,0.0,0.0,0.0,0.0,0.0,0.0,0.0,0.0,0.0,0.0,0.0,0.0,0.0,0.0,0.0,0.0,0.0,0.0,0.0,0.0,20,5,21,4,20,7,19,2,21,0,19,0,24,0
1.921E14,1.922E14,1.923E14,1.924E14,1.925E14,1.926E14,1.927E14,1.928E14,1.929E14,1.93E14,1.931E14,1.932E14,1.933E14,1.934E14,1.935E14,1.936E14,1.937E14,1.938E14,1.939E14,1.94E14,0.0,0.0,0.0,0.0,0.0,0.0,0.0,0.0,0.0,0.0,0.0,0.0,0.0,0.0,0.0,0.0,0.0,0.0,0.0,0.0,20,5,22,3,20,7,18,2,21,0,19,1,24,0
1.921E14,1.922E14,1.923E14,1.924E14,1.925E14,1.926E14,1.927E14,1.928E14,1.929E14,1.93E14,1.931E14,1.932E14,1.933E14,1.934E14,1.935E14,1.936E14,1.937E14,1.938E14,1.939E14,1.94E14,0.0,0.0,0.0,0.0,0.0,0.0,0.0,0.0,0.0,0.0,0.0,0.0,0.0,0.0,0.0,0.0,0.0,0.0,0.0,0.0,20,2,22,3,23,7,18,2,19,3,18,1,24,0
1.921E14,1.922E14,1.923E14,1.924E14,1.925E14,1.926E14,1.927E14,1.928E14,1.929E14,1.93E14,1.931E14,1.932E14,1.933E14,1.934E14,1.935E14,1.936E14,1.937E14,1.938E14,1.939E14,1.94E14,0.0,0.0,0.0,0.0,0.0,0.0,0.0,0.0,0.0,0.0,0.0,0.0,0.0,0.0,0.0,0.0,0.0,0.0,0.0,0.0,20,3,23,4,23,9,15,2,21,0,19,1,24,0
1.921E14,1.922E14,1.923E14,1.924E14,1.925E14,1.926E14,1.927E14,1.928E14,1.929E14,1.93E14,1.931E14,1.932E14,1.933E14,1.934E14,1.935E14,1.936E14,1.937E14,1.938E14,1.939E14,1.94E14,0.0,0.0,0.0,0.0,0.0,0.0,0.0,0.0,0.0,0.0,0.0,0.0,0.0,0.0,0.0,0.0,0.0,0.0,0.0,0.0,20,3,22,5,18,7,18,2,20,1,23,1,24,0
1.921E14,1.922E14,1.923E14,1.924E14,1.925E14,1.926E14,1.927E14,1.928E14,1.929E14,1.93E14,1.931E14,1.932E14,1.933E14,1.934E14,1.935E14,1.936E14,1.937E14,1.938E14,1.939E14,1.94E14,0.0,0.0,0.0,0.0,0.0,0.0,0.0,0.0,0.0,0.0,0.0,0.0,0.0,0.0,0.0,0.0,0.0,0.0,0.0,0.0,20,2,23,3,18,11,18,2,23,0,19,1,24,0
1.921E14,1.922E14,1.923E14,1.924E14,1.925E14,1.926E14,1.927E14,1.928E14,1.929E14,1.93E14,1.931E14,1.932E14,1.933E14,1.934E14,1.935E14,1.936E14,1.937E14,1.938E14,1.939E14,1.94E14,1.941E14,1.942E14,1.943E14,1.944E14,1.945E14,1.946E14,1.947E14,1.948E14,1.949E14,1.95E14,0.0,0.0,0.0,0.0,0.0,0.0,0.0,0.0,0.0,0.0,15,0,17,5,18,2,24,1,18,1,20,0,24,1
1.921E14,1.922E14,1.923E14,1.924E14,1.925E14,1.926E14,1.927E14,1.928E14,1.929E14,1.93E14,1.931E14,1.932E14,1.933E14,1.934E14,1.935E14,1.936E14,1.937E14,1.938E14,1.939E14,1.94E14,1.941E14,1.942E14,1.943E14,1.944E14,1.945E14,1.946E14,1.947E14,1.948E14,1.949E14,1.95E14,0.0,0.0,0.0,0.0,0.0,0.0,0.0,0.0,0.0,0.0,15,0,16,5,15,3,24,2,20,1,24,0,24,1
1.921E14,1.922E14,1.923E14,1.924E14,1.925E14,1.926E14,1.927E14,1.928E14,1.929E14,1.93E14,1.931E14,1.932E14,1.933E14,1.934E14,1.935E14,1.936E14,1.937E14,1.938E14,1.939E14,1.94E14,1.941E14,1.942E14,1.943E14,1.944E14,1.945E14,1.946E14,1.947E14,1.948E14,1.949E14,1.95E14,0.0,0.0,0.0,0.0,0.0,0.0,0.0,0.0,0.0,0.0,15,1,17,6,15,2,24,1,20,1,23,0,24,1
1.921E14,1.922E14,1.923E14,1.924E14,1.925E14,1.926E14,1.927E14,1.928E14,1.929E14,1.93E14,1.931E14,1.932E14,1.933E14,1.934E14,1.935E14,1.936E14,1.937E14,1.938E14,1.939E14,1.94E14,1.941E14,1.942E14,1.943E14,1.944E14,1.945E14,1.946E14,1.947E14,1.948E14,1.949E14,1.95E14,0.0,0.0,0.0,0.0,0.0,0.0,0.0,0.0,0.0,0.0,15,0,16,5,15,3,24,1,20,1,24,1,24,1
1.921E14,1.922E14,1.923E14,1.924E14,1.925E14,1.926E14,1.927E14,1.928E14,1.929E14,1.93E14,1.931E14,1.932E14,1.933E14,1.934E14,1.935E14,1.936E14,1.937E14,1.938E14,1.939E14,1.94E14,1.941E14,1.942E14,1.943E14,1.944E14,1.945E14,1.946E14,1.947E14,1.948E14,1.949E14,1.95E14,0.0,0.0,0.0,0.0,0.0,0.0,0.0,0.0,0.0,0.0,15,0,16,5,15,2,24,2,21,1,23,1,24,1
1.921E14,1.922E14,1.923E14,1.924E14,1.925E14,1.926E14,1.927E14,1.928E14,1.929E14,1.93E14,1.931E14,1.932E14,1.933E14,1.934E14,1.935E14,1.936E14,1.937E14,1.938E14,1.939E14,1.94E14,1.941E14,1.942E14,1.943E14,1.944E14,1.945E14,1.946E14,1.947E14,1.948E14,1.949E14,1.95E14,0.0,0.0,0.0,0.0,0.0,0.0,0.0,0.0,0.0,0.0,15,0,16,4,15,4,24,1,20,1,24,1,24,1
1.921E14,1.922E14,1.923E14,1.924E14,1.925E14,1.926E14,1.927E14,1.928E14,1.929E14,1.93E14,1.931E14,1.932E14,1.933E14,1.934E14,1.935E14,1.936E14,1.937E14,1.938E14,1.939E14,1.94E14,1.941E14,1.942E14,1.943E14,1.944E14,1.945E14,1.946E14,1.947E14,1.948E14,1.949E14,1.95E14,0.0,0.0,0.0,0.0,0.0,0.0,0.0,0.0,0.0,0.0,15,1,15,5,15,2,24,2,23,1,23,1,24,1
1.921E14,1.922E14,1.923E14,1.924E14,1.925E14,1.926E14,1.927E14,1.928E14,1.929E14,1.93E14,1.931E14,1.932E14,1.933E14,1.934E14,1.935E14,1.936E14,1.937E14,1.938E14,1.939E14,1.94E14,1.941E14,1.942E14,1.943E14,1.944E14,1.945E14,1.946E14,1.947E14,1.948E14,1.949E14,1.95E14,0.0,0.0,0.0,0.0,0.0,0.0,0.0,0.0,0.0,0.0,14,0,17,5,16,2,24,1,20,1,22,1,24,1
1.921E14,1.922E14,1.923E14,1.924E14,1.925E14,1.926E14,1.927E14,1.928E14,1.929E14,1.93E14,1.931E14,1.932E14,1.933E14,1.934E14,1.935E14,1.936E14,1.937E14,1.938E14,1.939E14,1.94E14,1.941E14,1.942E14,1.943E14,1.944E14,1.945E14,1.946E14,1.947E14,1.948E14,1.949E14,1.95E14,0.0,0.0,0.0,0.0,0.0,0.0,0.0,0.0,0.0,0.0,15,1,15,4,15,4,24,1,23,1,23,1,24,1
1.921E14,1.922E14,1.923E14,1.924E14,1.925E14,1.926E14,1.927E14,1.928E14,1.929E14,1.93E14,1.931E14,1.932E14,1.933E14,1.934E14,1.935E14,1.936E14,1.937E14,1.938E14,1.939E14,1.94E14,1.941E14,1.942E14,1.943E14,1.944E14,1.945E14,1.946E14,1.947E14,1.948E14,1.949E14,1.95E14,0.0,0.0,0.0,0.0,0.0,0.0,0.0,0.0,0.0,0.0,15,0,15,2,17,3,24,2,19,1,23,2,24,1
1.921E14,1.922E14,1.923E14,1.924E14,1.925E14,1.926E14,1.927E14,1.928E14,1.929E14,1.93E14,1.931E14,1.932E14,1.933E14,1.934E14,1.935E14,1.936E14,1.937E14,1.938E14,1.939E14,1.94E14,1.941E14,1.942E14,1.943E14,1.944E14,1.945E14,1.946E14,1.947E14,1.948E14,1.949E14,1.95E14,0.0,0.0,0.0,0.0,0.0,0.0,0.0,0.0,0.0,0.0,15,1,17,4,15,3,24,1,20,1,23,1,24,1
1.921E14,1.922E14,1.923E14,1.924E14,1.925E14,1.926E14,1.927E14,1.928E14,1.929E14,1.93E14,1.931E14,1.932E14,1.933E14,1.934E14,1.935E14,1.936E14,1.937E14,1.938E14,1.939E14,1.94E14,1.941E14,1.942E14,1.943E14,1.944E14,1.945E14,1.946E14,1.947E14,1.948E14,1.949E14,1.95E14,0.0,0.0,0.0,0.0,0.0,0.0,0.0,0.0,0.0,0.0,15,0,17,5,15,2,24,2,20,1,23,1,24,1
1.921E14,1.922E14,1.923E14,1.924E14,1.925E14,1.926E14,1.927E14,1.928E14,1.929E14,1.93E14,1.931E14,1.932E14,1.933E14,1.934E14,1.935E14,1.936E14,1.937E14,1.938E14,1.939E14,1.94E14,1.941E14,1.942E14,1.943E14,1.944E14,1.945E14,1.946E14,1.947E14,1.948E14,1.949E14,1.95E14,0.0,0.0,0.0,0.0,0.0,0.0,0.0,0.0,0.0,0.0,15,0,17,7,15,3,24,1,20,1,24,0,24,1
1.921E14,1.922E14,1.923E14,1.924E14,1.925E14,1.926E14,1.927E14,1.928E14,1.929E14,1.93E14,1.931E14,1.932E14,1.933E14,1.934E14,1.935E14,1.936E14,1.937E14,1.938E14,1.939E14,1.94E14,1.941E14,1.942E14,1.943E14,1.944E14,1.945E14,1.946E14,1.947E14,1.948E14,1.949E14,1.95E14,0.0,0.0,0.0,0.0,0.0,0.0,0.0,0.0,0.0,0.0,14,0,15,5,18,3,24,2,20,1,23,0,24,1
1.921E14,1.922E14,1.923E14,1.924E14,1.925E14,1.926E14,1.927E14,1.928E14,1.929E14,1.93E14,1.931E14,1.932E14,1.933E14,1.934E14,1.935E14,1.936E14,1.937E14,1.938E14,1.939E14,1.94E14,1.941E14,1.942E14,1.943E14,1.944E14,1.945E14,1.946E14,1.947E14,1.948E14,1.949E14,1.95E14,0.0,0.0,0.0,0.0,0.0,0.0,0.0,0.0,0.0,0.0,14,0,15,5,18,3,24,1,20,1,23,1,24,1
1.921E14,1.922E14,1.923E14,1.924E14,1.925E14,1.926E14,1.927E14,1.928E14,1.929E14,1.93E14,1.931E14,1.932E14,1.933E14,1.934E14,1.935E14,1.936E14,1.937E14,1.938E14,1.939E14,1.94E14,1.941E14,1.942E14,1.943E14,1.944E14,1.945E14,1.946E14,1.947E14,1.948E14,1.949E14,1.95E14,0.0,0.0,0.0,0.0,0.0,0.0,0.0,0.0,0.0,0.0,15,0,15,7,18,2,24,1,18,1,24,0,24,1
1.921E14,1.922E14,1.923E14,1.924E14,1.925E14,1.926E14,1.927E14,1.928E14,1.929E14,1.93E14,1.931E14,1.932E14,1.933E14,1.934E14,1.935E14,1.936E14,1.937E14,1.938E14,1.939E14,1.94E14,1.941E14,1.942E14,1.943E14,1.944E14,1.945E14,1.946E14,1.947E14,1.948E14,1.949E14,1.95E14,0.0,0.0,0.0,0.0,0.0,0.0,0.0,0.0,0.0,0.0,15,0,17,6,15,3,24,2,21,1,23,0,24,1
1.921E14,1.922E14,1.923E14,1.924E14,1.925E14,1.926E14,1.927E14,1.928E14,1.929E14,1.93E14,1.931E14,1.932E14,1.933E14,1.934E14,1.935E14,1.936E14,1.937E14,1.938E14,1.939E14,1.94E14,1.941E14,1.942E14,1.943E14,1.944E14,1.945E14,1.946E14,1.947E14,1.948E14,1.949E14,1.95E14,0.0,0.0,0.0,0.0,0.0,0.0,0.0,0.0,0.0,0.0,15,0,15,5,17,3,24,1,20,1,23,1,24,1
1.921E14,1.922E14,1.923E14,1.924E14,1.925E14,1.926E14,1.927E14,1.928E14,1.929E14,1.93E14,1.931E14,1.932E14,1.933E14,1.934E14,1.935E14,1.936E14,1.937E14,1.938E14,1.939E14,1.94E14,1.941E14,1.942E14,1.943E14,1.944E14,1.945E14,1.946E14,1.947E14,1.948E14,1.949E14,1.95E14,0.0,0.0,0.0,0.0,0.0,0.0,0.0,0.0,0.0,0.0,15,0,16,4,15,4,24,1,21,1,24,2,24,1
1.921E14,1.922E14,1.923E14,1.924E14,1.925E14,1.926E14,1.927E14,1.928E14,1.929E14,1.93E14,1.931E14,1.932E14,1.933E14,1.934E14,1.935E14,1.936E14,1.937E14,1.938E14,1.939E14,1.94E14,1.941E14,1.942E14,1.943E14,1.944E14,1.945E14,1.946E14,1.947E14,1.948E14,1.949E14,1.95E14,0.0,0.0,0.0,0.0,0.0,0.0,0.0,0.0,0.0,0.0,15,0,15,4,17,3,24,1,20,1,23,2,24,1
1.921E14,1.922E14,1.923E14,1.924E14,1.925E14,1.926E14,1.927E14,1.928E14,1.929E14,1.93E14,1.931E14,1.932E14,1.933E14,1.934E14,1.935E14,1.936E14,1.937E14,1.938E14,1.939E14,1.94E14,1.941E14,1.942E14,1.943E14,1.944E14,1.945E14,1.946E14,1.947E14,1.948E14,1.949E14,1.95E14,0.0,0.0,0.0,0.0,0.0,0.0,0.0,0.0,0.0,0.0,15,0,15,2,17,4,24,2,19,1,24,2,24,1
1.921E14,1.922E14,1.923E14,1.924E14,1.925E14,1.926E14,1.927E14,1.928E14,1.929E14,1.93E14,1.931E14,1.932E14,1.933E14,1.934E14,1.935E14,1.936E14,1.937E14,1.938E14,1.939E14,1.94E14,1.941E14,1.942E14,1.943E14,1.944E14,1.945E14,1.946E14,1.947E14,1.948E14,1.949E14,1.95E14,0.0,0.0,0.0,0.0,0.0,0.0,0.0,0.0,0.0,0.0,14,0,16,5,17,2,24,1,20,1,23,2,24,1
1.921E14,1.922E14,1.923E14,1.924E14,1.925E14,1.926E14,1.927E14,1.928E14,1.929E14,1.93E14,1.931E14,1.932E14,1.933E14,1.934E14,1.935E14,1.936E14,1.937E14,1.938E14,1.939E14,1.94E14,1.941E14,1.942E14,1.943E14,1.944E14,1.945E14,1.946E14,1.947E14,1.948E14,1.949E14,1.95E14,0.0,0.0,0.0,0.0,0.0,0.0,0.0,0.0,0.0,0.0,15,0,16,5,17,3,24,1,18,1,24,1,24,1
1.921E14,1.922E14,1.923E14,1.924E14,1.925E14,1.926E14,1.927E14,1.928E14,1.929E14,1.93E14,1.931E14,1.932E14,1.933E14,1.934E14,1.935E14,1.936E14,1.937E14,1.938E14,1.939E14,1.94E14,1.941E14,1.942E14,1.943E14,1.944E14,1.945E14,1.946E14,1.947E14,1.948E14,1.949E14,1.95E14,0.0,0.0,0.0,0.0,0.0,0.0,0.0,0.0,0.0,0.0,14,0,17,5,18,3,24,2,18,1,23,0,24,1
1.921E14,1.922E14,1.923E14,1.924E14,1.925E14,1.926E14,1.927E14,1.928E14,1.929E14,1.93E14,1.931E14,1.932E14,1.933E14,1.934E14,1.935E14,1.936E14,1.937E14,1.938E14,1.939E14,1.94E14,1.941E14,1.942E14,1.943E14,1.944E14,1.945E14,1.946E14,1.947E14,1.948E14,1.949E14,1.95E14,0.0,0.0,0.0,0.0,0.0,0.0,0.0,0.0,0.0,0.0,15,0,15,2,18,3,24,2,19,1,23,3,24,1
1.921E14,1.922E14,1.923E14,1.924E14,1.925E14,1.926E14,1.927E14,1.928E14,1.929E14,1.93E14,1.931E14,1.932E14,1.933E14,1.934E14,1.935E14,1.936E14,1.937E14,1.938E14,1.939E14,1.94E14,1.941E14,1.942E14,1.943E14,1.944E14,1.945E14,1.946E14,1.947E14,1.948E14,1.949E14,1.95E14,0.0,0.0,0.0,0.0,0.0,0.0,0.0,0.0,0.0,0.0,14,0,15,5,18,3,24,2,20,1,24,1,24,1
1.921E14,1.922E14,1.923E14,1.924E14,1.925E14,1.926E14,1.927E14,1.928E14,1.929E14,1.93E14,1.931E14,1.932E14,1.933E14,1.934E14,1.935E14,1.936E14,1.937E14,1.938E14,1.939E14,1.94E14,1.941E14,1.942E14,1.943E14,1.944E14,1.945E14,1.946E14,1.947E14,1.948E14,1.949E14,1.95E14,0.0,0.0,0.0,0.0,0.0,0.0,0.0,0.0,0.0,0.0,15,1,17,6,15,2,24,2,21,1,24,1,24,1
1.921E14,1.922E14,1.923E14,1.924E14,1.925E14,1.926E14,1.927E14,1.928E14,1.929E14,1.93E14,1.931E14,1.932E14,1.933E14,1.934E14,1.935E14,1.936E14,1.937E14,1.938E14,1.939E14,1.94E14,1.941E14,1.942E14,1.943E14,1.944E14,1.945E14,1.946E14,1.947E14,1.948E14,1.949E14,1.95E14,0.0,0.0,0.0,0.0,0.0,0.0,0.0,0.0,0.0,0.0,15,0,15,6,18,3,23,1,20,1,24,1,24,1
1.921E14,1.922E14,1.923E14,1.924E14,1.925E14,1.926E14,1.927E14,1.928E14,1.929E14,1.93E14,1.931E14,1.932E14,1.933E14,1.934E14,1.935E14,1.936E14,1.937E14,1.938E14,1.939E14,1.94E14,1.941E14,1.942E14,1.943E14,1.944E14,1.945E14,1.946E14,1.947E14,1.948E14,1.949E14,1.95E14,0.0,0.0,0.0,0.0,0.0,0.0,0.0,0.0,0.0,0.0,15,0,15,4,16,2,24,2,21,1,24,3,24,1
1.921E14,1.922E14,1.923E14,1.924E14,1.925E14,1.926E14,1.927E14,1.928E14,1.929E14,1.93E14,1.931E14,1.932E14,1.933E14,1.934E14,1.935E14,1.936E14,1.937E14,1.938E14,1.939E14,1.94E14,1.941E14,1.942E14,1.943E14,1.944E14,1.945E14,1.946E14,1.947E14,1.948E14,1.949E14,1.95E14,0.0,0.0,0.0,0.0,0.0,0.0,0.0,0.0,0.0,0.0,14,0,15,4,18,3,24,1,21,1,23,3,24,1
1.921E14,1.922E14,1.923E14,1.924E14,1.925E14,1.926E14,1.927E14,1.928E14,1.929E14,1.93E14,1.931E14,1.932E14,1.933E14,1.934E14,1.935E14,1.936E14,1.937E14,1.938E14,1.939E14,1.94E14,1.941E14,1.942E14,1.943E14,1.944E14,1.945E14,1.946E14,1.947E14,1.948E14,1.949E14,1.95E14,1.951E14,1.952E14,1.953E14,1.954E14,1.955E14,1.956E14,1.957E14,1.958E14,1.959E14,1.96E14,19,3,16,0,14,3,20,1,24,2,20,1,24,1
1.921E14,1.922E14,1.923E14,1.924E14,1.925E14,1.926E14,1.927E14,1.928E14,1.929E14,1.93E14,1.931E14,1.932E14,1.933E14,1.934E14,1.935E14,1.936E14,1.937E14,1.938E14,1.939E14,1.94E14,1.941E14,1.942E14,1.943E14,1.944E14,1.945E14,1.946E14,1.947E14,1.948E14,1.949E14,1.95E14,1.951E14,1.952E14,1.953E14,1.954E14,1.955E14,1.956E14,1.957E14,1.958E14,1.959E14,1.96E14,19,0,16,2,14,3,20,2,23,3,22,1,24,1
1.921E14,1.922E14,1.923E14,1.924E14,1.925E14,1.926E14,1.927E14,1.928E14,1.929E14,1.93E14,1.931E14,1.932E14,1.933E14,1.934E14,1.935E14,1.936E14,1.937E14,1.938E14,1.939E14,1.94E14,1.941E14,1.942E14,1.943E14,1.944E14,1.945E14,1.946E14,1.947E14,1.948E14,1.949E14,1.95E14,1.951E14,1.952E14,1.953E14,1.954E14,1.955E14,1.956E14,1.957E14,1.958E14,1.959E14,1.96E14,19,1,17,4,20,1,20,2,15,2,23,1,24,1
1.921E14,1.922E14,1.923E14,1.924E14,1.925E14,1.926E14,1.927E14,1.928E14,1.929E14,1.93E14,1.931E14,1.932E14,1.933E14,1.934E14,1.935E14,1.936E14,1.937E14,1.938E14,1.939E14,1.94E14,1.941E14,1.942E14,1.943E14,1.944E14,1.945E14,1.946E14,1.947E14,1.948E14,1.949E14,1.95E14,1.951E14,1.952E14,1.953E14,1.954E14,1.955E14,1.956E14,1.957E14,1.958E14,1.959E14,1.96E14,19,3,16,1,14,3,20,2,23,2,23,1,24,1
1.921E14,1.922E14,1.923E14,1.924E14,1.925E14,1.926E14,1.927E14,1.928E14,1.929E14,1.93E14,1.931E14,1.932E14,1.933E14,1.934E14,1.935E14,1.936E14,1.937E14,1.938E14,1.939E14,1.94E14,1.941E14,1.942E14,1.943E14,1.944E14,1.945E14,1.946E14,1.947E14,1.948E14,1.949E14,1.95E14,1.951E14,1.952E14,1.953E14,1.954E14,1.955E14,1.956E14,1.957E14,1.958E14,1.959E14,1.96E14,19,1,16,7,14,0,20,1,24,3,23,1,24,1
1.921E14,1.922E14,1.923E14,1.924E14,1.925E14,1.926E14,1.927E14,1.928E14,1.929E14,1.93E14,1.931E14,1.932E14,1.933E14,1.934E14,1.935E14,1.936E14,1.937E14,1.938E14,1.939E14,1.94E14,1.941E14,1.942E14,1.943E14,1.944E14,1.945E14,1.946E14,1.947E14,1.948E14,1.949E14,1.95E14,1.951E14,1.952E14,1.953E14,1.954E14,1.955E14,1.956E14,1.957E14,1.958E14,1.959E14,1.96E14,19,1,16,3,14,3,20,2,24,3,23,1,24,1
1.921E14,1.922E14,1.923E14,1.924E14,1.925E14,1.926E14,1.927E14,1.928E14,1.929E14,1.93E14,1.931E14,1.932E14,1.933E14,1.934E14,1.935E14,1.936E14,1.937E14,1.938E14,1.939E14,1.94E14,1.941E14,1.942E14,1.943E14,1.944E14,1.945E14,1.946E14,1.947E14,1.948E14,1.949E14,1.95E14,1.951E14,1.952E14,1.953E14,1.954E14,1.955E14,1.956E14,1.957E14,1.958E14,1.959E14,1.96E14,19,3,17,2,14,3,20,2,23,2,23,1,24,0
